"id","h_year","age","year_birth","height"
9426,1889,44,1845,48.00
78110,1907,29,1878,48.00
41046,1897,38,1859,48.25
72611,1905,20,1885,48.25
43416,1898,38,1860,48.50
21918,1892,55,1837,48.75
94946,1910,49,1861,48.75
61718,1903,43,1860,49.00
65001,1904,50,1854,49.00
29737,1904,60,1844,49.50
25498,1893,55,1838,50.50
68937,1905,19,1886,51.50
27830,1894,68,1826,52.00
74053,1906,35,1871,52.00
78080,1907,39,1868,52.00
120629,1916,44,1872,52.00
100672,1911,55,1856,52.25
107787,1912,42,1870,52.25
72918,1905,49,1856,52.75
420,1881,60,1821,53.00
46995,1899,42,1857,53.00
57238,1902,41,1861,53.00
69269,1905,29,1876,53.00
5696,1882,20,1862,53.25
12310,1889,11,1878,53.25
23434,1893,33,1860,53.50
66372,1904,29,1875,53.50
73478,1906,43,1863,53.50
88713,1909,70,1839,53.50
99726,1911,72,1839,53.50
101858,1911,48,1863,53.50
3334,1881,46,1835,54.00
11147,1889,43,1846,54.00
11465,1889,24,1865,54.00
13232,1890,48,1842,54.00
18686,1891,61,1830,54.00
28499,1894,68,1826,54.00
29412,1894,58,1836,54.00
29700,1894,52,1842,54.00
35139,1896,49,1847,54.00
37916,1896,61,1835,54.00
69212,1905,22,1883,54.00
72064,1905,48,1857,54.00
74825,1906,22,1884,54.00
84663,1908,62,1846,54.00
85533,1908,48,1860,54.00
90505,1909,40,1869,54.00
92140,1909,62,1847,54.00
109505,1913,28,1885,54.00
114300,1914,29,1885,54.00
120314,1916,24,1892,54.00
62364,1903,27,1876,54.25
93506,1910,27,1883,54.25
1734,1881,26,1855,54.50
10364,1889,40,1849,54.50
12973,1890,23,1867,54.50
13771,1890,57,1833,54.50
15230,1890,31,1859,54.50
24019,1893,31,1862,54.50
29337,1894,19,1875,54.50
29350,1894,60,1834,54.50
31705,1895,33,1862,54.50
38018,1896,50,1846,54.50
45204,1898,25,1873,54.50
50679,1900,27,1873,54.50
53703,1901,32,1869,54.50
59128,1902,19,1883,54.50
60083,1902,30,1872,54.50
63365,1903,20,1883,54.50
65798,1904,34,1870,54.50
91626,1909,34,1875,54.50
3206,1881,46,1835,54.75
4394,1882,35,1847,54.75
56799,1901,64,1837,54.75
77072,1906,22,1884,54.75
1587,1881,30,1851,55.00
6009,1882,28,1854,55.00
7162,1882,17,1865,55.00
9070,1889,52,1837,55.00
9328,1889,40,1849,55.00
9419,1889,25,1864,55.00
12421,1889,24,1865,55.00
16345,1890,32,1858,55.00
17035,1891,64,1827,55.00
18084,1891,25,1866,55.00
18383,1891,56,1835,55.00
19327,1891,26,1865,55.00
20685,1892,41,1851,55.00
23417,1893,42,1851,55.00
26487,1893,68,1825,55.00
26643,1893,39,1854,55.00
32871,1895,73,1822,55.00
34205,1895,21,1874,55.00
35829,1896,20,1876,55.00
41485,1897,19,1878,55.00
43328,1898,40,1858,55.00
51816,1900,31,1869,55.00
55450,1901,26,1875,55.00
55912,1901,42,1859,55.00
60281,1902,44,1858,55.00
68480,1904,24,1880,55.00
77371,1906,50,1856,55.00
88852,1909,52,1857,55.00
108310,1913,24,1889,55.00
109343,1913,29,1884,55.00
110879,1913,41,1872,55.00
117123,1915,38,1877,55.00
117954,1915,72,1843,55.00
120796,1916,43,1873,55.00
121084,1916,61,1855,55.00
126836,1920,66,1854,55.00
129712,1922,69,1853,55.00
23448,1893,64,1829,55.25
45394,1898,30,1868,55.25
45752,1898,27,1871,55.25
120494,1916,67,1849,55.25
133437,1924,26,1898,55.25
978,1881,40,1841,55.50
3814,1881,20,1861,55.50
5340,1882,29,1853,55.50
6017,1882,29,1853,55.50
6114,1882,37,1845,55.50
6523,1882,24,1858,55.50
6733,1882,50,1832,55.50
7894,1882,22,1860,55.50
10692,1889,48,1841,55.50
10694,1889,24,1865,55.50
11834,1889,51,1838,55.50
12792,1890,60,1830,55.50
15031,1890,24,1866,55.50
15823,1910,64,1846,55.50
18708,1891,45,1846,55.50
21280,1892,55,1837,55.50
21698,1892,50,1842,55.50
21879,1892,46,1846,55.50
24413,1893,42,1851,55.50
29668,1894,31,1863,55.50
30743,1894,29,1865,55.50
35381,1896,49,1847,55.50
45819,1898,37,1861,55.50
54413,1901,49,1852,55.50
60728,1903,27,1876,55.50
61864,1903,36,1867,55.50
62243,1903,29,1874,55.50
62796,1903,49,1854,55.50
65270,1904,45,1859,55.50
65438,1904,37,1867,55.50
67429,1904,28,1876,55.50
67777,1904,67,1837,55.50
68094,1904,48,1856,55.50
72638,1905,48,1857,55.50
77342,1906,56,1850,55.50
80903,1907,50,1857,55.50
82743,1908,33,1875,55.50
85851,1908,36,1872,55.50
87981,1909,50,1859,55.50
98669,1911,61,1850,55.50
100984,1911,46,1865,55.50
102560,1911,48,1863,55.50
6548,1882,45,1837,55.75
14909,1890,49,1841,55.75
15807,1890,54,1836,55.75
27401,1894,44,1850,55.75
38867,1897,33,1864,55.75
45688,1898,24,1874,55.75
50426,1900,40,1860,55.75
50534,1900,45,1855,55.75
52552,1900,26,1874,55.75
58904,1902,32,1870,55.75
66509,1904,30,1874,55.75
67885,1904,50,1854,55.75
72218,1905,66,1839,55.75
82072,1907,49,1858,55.75
89111,1909,24,1885,55.75
101423,1911,65,1846,55.75
106812,1912,21,1891,55.75
51,1881,48,1833,56.00
1870,1881,21,1860 ,56.00
2470,1881,54,1827,56.00
2511,1881,45,1836,56.00
2759,1881,34,1847,56.00
2999,1881,52,1829,56.00
4081,1881,68,1813,56.00
4906,1882,16,1866,56.00
5045,1882,25,1857,56.00
5550,1882,18,1864,56.00
5671,1882,31,1851,56.00
6466,1882,27,1855,56.00
7075,1882,20,1862,56.00
7639,1882,51,1831,56.00
7651,1882,45,1837,56.00
8327,1882,34,1848,56.00
10221,1889,52,1837,56.00
10407,1889,66,1823,56.00
10424,1889,66,1823,56.00
10734,1889,58,1831,56.00
11213,1889,62,1827,56.00
13409,1890,19,1871,56.00
13511,1890,28,1862,56.00
14355,1890,70,1820,56.00
14801,1890,36,1854,56.00
15145,1890,27,1863,56.00
15261,1890,36,1854,56.00
16841,1891,41,1850,56.00
17669,1891,54,1837,56.00
17764,1891,69,1822,56.00
18115,1891,40,1851,56.00
18277,1891,34,1857,56.00
18365,1891,57,1834,56.00
18373,1891,48,1843,56.00
18700,1891,18,1873,56.00
20104,1892,18,1874,56.00
20144,1892,47,1845,56.00
20661,1892,72,1820,56.00
20764,1892,19,1873,56.00
21425,1892,66,1826,56.00
22307,1892,45,1847,56.00
23180,1892,39,1853,56.00
23323,1893,23,1870,56.00
23619,1893,27,1866,56.00
24144,1893,50,1843,56.00
24232,1893,31,1862,56.00
24334,1893,35,1858,56.00
25407,1893,45,1848,56.00
25847,1893,59,1834,56.00
26388,1893,45,1848,56.00
26923,1893,41,1852,56.00
27379,1894,28,1866,56.00
28512,1894,40,1854,56.00
29208,1894,60,1834,56.00
29928,1894,19,1875,56.00
31960,1895,27,1868,56.00
32539,1895,39,1856,56.00
33093,1895,48,1847,56.00
33607,1895,37,1858,56.00
34177,1895,26,1869,56.00
35026,1896,48,1848,56.00
39335,1897,31,1866,56.00
40670,1897,72,1825,56.00
40895,1897,28,1869,56.00
40965,1897,27,1870,56.00
41322,1897,50,1847,56.00
42239,1897,54,1843,56.00
42497,1898,30,1868,56.00
45397,1898,25,1873,56.00
45528,1898,66,1832,56.00
47146,1899,51,1848,56.00
48612,1899,52,1847,56.00
49275,1899,33,1866,56.00
49310,1899,30,1869,56.00
49541,1899,23,1876,56.00
52378,1900,67,1833,56.00
52385,1900,40,1860,56.00
55445,1901,38,1863,56.00
55523,1901,48,1853,56.00
56006,1901,31,1870,56.00
56602,1901,43,1858,56.00
58749,1902,40,1862,56.00
58753,1902,48,1854,56.00
60922,1903,44,1859,56.00
67378,1904,48,1856,56.00
68406,1904,32,1872,56.00
70541,1905,40,1865,56.00
80348,1907,27,1880,56.00
85972,1908,59,1849,56.00
88221,1909,55,1854,56.00
90335,1909,36,1873,56.00
92213,1909,49,1860,56.00
92273,1909,46,1863,56.00
96502,1910,57,1853,56.00
97708,1910,64,1846,56.00
100473,1911,21,1890,56.00
101309,1911,50,1861,56.00
106045,1912,33,1879,56.00
107270,1912,50,1862,56.00
107974,1913,30,1883,56.00
108164,1913,70,1843,56.00
109227,1913,66,1847,56.00
111380,1913,29,1884,56.00
113768,1914,64,1850,56.00
114301,1914,56,1858,56.00
115984,1914,36,1878,56.00
118395,1915,67,1848,56.00
119445,1915,23,1892,56.00
122292,1917,25,1892,56.00
122423,1917,32,1885,56.00
124497,1919,58,1861,56.00
128515,1921,35,1886,56.00
132501,1923,40,1883,56.00
4247,1882,29,1853 ,56.25
5450,1882,62,1820,56.25
5454,1882,67,1815,56.25
12659,1890,19,1871,56.25
13067,1890,15,1875,56.25
19074,1891,40,1851,56.25
22342,1892,46,1846,56.25
26594,1893,40,1853,56.25
29149,1894,29,1865,56.25
30214,1894,19,1875,56.25
30863,1894,40,1854,56.25
31379,1895,45,1850,56.25
33716,1895,40,1855,56.25
40890,1897,38,1859,56.25
41489,1897,38,1859,56.25
55047,1901,25,1876,56.25
62598,1903,50,1853,56.25
67860,1904,25,1879,56.25
70585,1905,19,1886,56.25
78929,1907,43,1864,56.25
84424,1908,31,1877,56.25
98356,1911,39,1872,56.25
122378,1917,62,1855,56.25
130639,1922,35,1887,56.25
684,1881,24,1857,56.50
922,1881,71,1810,56.50
1902,1881,57,1824,56.50
1963,1881,30,1851,56.50
2424,1881,20,1861,56.50
2581,1881,32,1849,56.50
2620,1881,28,1853,56.50
4032,1881,25,1856,56.50
5502,1882,23,1859,56.50
5958,1882,26,1856,56.50
6371,1882,23,1859,56.50
6712,1882,69,1813,56.50
6729,1882,58,1824,56.50
6832,1882,31,1851,56.50
6940,1882,21,1861,56.50
8378,1882,27,1855,56.50
8451,1882,42,1840,56.50
8582,1889,21,1868,56.50
8896,1889,45,1844,56.50
9486,1889,46,1843,56.50
9848,1889,45,1844,56.50
10169,1889,32,1857,56.50
10841,1889,55,1834,56.50
11457,1889,29,1860,56.50
13267,1890,43,1847,56.50
14809,1890,40,1850,56.50
16081,1890,40,1850,56.50
16451,1890,42,1848,56.50
18107,1891,57,1834,56.50
18118,1891,28,1863,56.50
19601,1892,21,1871,56.50
19641,1892,62,1830,56.50
20599,1892,34,1858,56.50
21232,1892,34,1858,56.50
22112,1892,23,1869,56.50
24463,1893,40,1853,56.50
26085,1893,24,1869,56.50
26281,1893,27,1866,56.50
27116,1894,23,1871,56.50
27575,1894,79,1815,56.50
28042,1894,37,1857,56.50
28946,1894,29,1865,56.50
29271,1894,24,1870,56.50
29313,1894,59,1835,56.50
30057,1894,21,1873,56.50
32138,1895,25,1870,56.50
32206,1895,31,1864,56.50
33475,1895,45,1850,56.50
34764,1896,50,1846,56.50
36101,1896,24,1872,56.50
40669,1897,33,1864,56.50
41126,1897,28,1869,56.50
41830,1897,48,1849,56.50
43539,1898,55,1843,56.50
43540,1898,19,1879,56.50
44566,1898,33,1865,56.50
44789,1898,38,1860,56.50
45387,1898,32,1866,56.50
45584,1898,49,1849,56.50
48276,1899,50,1849,56.50
49628,1899,49,1850,56.50
49692,1899,34,1865,56.50
50425,1900,21,1879,56.50
50907,1900,39,1861,56.50
53612,1901,56,1845,56.50
55082,1901,45,1856,56.50
55168,1901,57,1844,56.50
56011,1901,50,1851,56.50
56860,1901,50,1851,56.50
59320,1902,52,1850,56.50
59899,1902,57,1845,56.50
64884,1904,27,1877,56.50
66985,1904,36,1868,56.50
67497,1904,59,1845,56.50
67633,1904,34,1870,56.50
68544,1905,39,1866,56.50
68935,1905,54,1851,56.50
69221,1905,38,1867,56.50
70579,1905,42,1863,56.50
71306,1905,55,1850,56.50
73391,1906,57,1849,56.50
73962,1906,25,1881,56.50
75880,1906,22,1884,56.50
76271,1906,42,1864,56.50
76917,1906,63,1843,56.50
77969,1907,56,1851,56.50
78109,1907,55,1852,56.50
78330,1907,65,1842,56.50
81094,1907,22,1885,56.50
82933,1908,61,1847,56.50
84230,1908,67,1841,56.50
86901,1908,21,1887,56.50
88730,1909,60,1849,56.50
89424,1909,68,1841,56.50
90938,1909,65,1844,56.50
91734,1909,28,1881,56.50
92216,1909,36,1873,56.50
96385,1910,54,1856,56.50
98078,1911,22,1889,56.50
99150,1911,44,1867,56.50
102166,1911,22,1889,56.50
105068,1912,57,1855,56.50
106174,1912,24,1888,56.50
107668,1912,32,1880,56.50
110816,1913,58,1855,56.50
110845,1913,61,1852,56.50
111194,1913,73,1840,56.50
112064,1913,60,1853,56.50
113217,1914,31,1883,56.50
114852,1914,29,1885,56.50
115604,1914,59,1855,56.50
117091,1915,28,1887,56.50
118257,1915,46,1869,56.50
119918,1916,39,1877,56.50
120542,1916,61,1855,56.50
121532,1916,46,1870,56.50
121747,1917,57,1860,56.50
122200,1917,42,1875,56.50
122404,1917,30,1887,56.50
126901,1920,66,1854,56.50
127438,1921,46,1875,56.50
128714,1921,67,1854,56.50
1170,1881,24,1857,56.75
5642,1882,18,1864,56.75
5912,1882,18,1864,56.75
5921,1882,36,1846,56.75
16425,1890,31,1859,56.75
25553,1893,46,1847,56.75
33940,1895,47,1848,56.75
36097,1896,39,1857,56.75
37348,1896,32,1864,56.75
39332,1897,54,1843,56.75
40269,1897,23,1874,56.75
41585,1897,44,1853,56.75
44788,1898,42,1856,56.75
46152,1899,50,1849,56.75
48396,1899,64,1835,56.75
51169,1900,23,1877,56.75
54575,1901,47,1854,56.75
54577,1901,26,1875,56.75
56676,1901,25,1876,56.75
59638,1902,43,1859,56.75
60813,1903,44,1859,56.75
63369,1903,35,1868,56.75
64553,1904,22,1882,56.75
68194,1904,27,1877,56.75
70491,1905,26,1879,56.75
72128,1905,62,1843,56.75
76414,1906,29,1877,56.75
81817,1907,25,1882,56.75
82677,1908,22,1886,56.75
83322,1908,46,1862,56.75
85082,1908,59,1849,56.75
85698,1908,49,1859,56.75
97892,1911,58,1853,56.75
101131,1911,47,1864,56.75
111198,1913,25,1888,56.75
114391,1914,34,1880,56.75
120797,1916,29,1887,56.75
187,1881,57,1824,57.00
230,1881,35,1846,57.00
359,1881,25,1856,57.00
437,1881,23,1858,57.00
525,1881,18,1863,57.00
951,1881,43,1838,57.00
1823,1881,41,1840 ,57.00
2203,1881,38,1843,57.00
2242,1881,18,1863,57.00
2518,1881,23,1858,57.00
2900,1881,19,1862,57.00
3257,1881,30,1851,57.00
3506,1881,20,1861,57.00
4623,1882,27,1855,57.00
4739,1882,54,1828,57.00
5142,1882,30,1852,57.00
5371,1882,30,1852,57.00
5509,1882,20,1862,57.00
5542,1882,36,1846,57.00
5836,1882,44,1838,57.00
5986,1882,30,1852,57.00
6029,1882,17,1865,57.00
6486,1882,45,1837,57.00
6903,1882,47,1835,57.00
7573,1882,19,1863,57.00
7588,1882,25,1857,57.00
8057,1882,42,1840,57.00
8290,1882,18,1864,57.00
8324,1882,34,1848,57.00
8363,1882,24,1858,57.00
8439,1882,24,1858,57.00
8699,1889,49,1840,57.00
9415,1889,24,1865,57.00
9736,1889,23,1866,57.00
9837,1889,50,1839,57.00
9916,1889,54,1835,57.00
10163,1889,28,1861,57.00
10356,1889,41,1848,57.00
10676,1889,29,1860,57.00
11957,1889,19,1870,57.00
12285,1889,38,1851,57.00
12681,1890,34,1856,57.00
13453,1890,31,1859,57.00
14264,1890,40,1850,57.00
14393,1890,49,1841,57.00
14715,1890,50,1840,57.00
14854,1890,44,1846,57.00
14880,1890,31,1859,57.00
15211,1890,30,1860,57.00
15732,1890,25,1865,57.00
15821,1890,29,1861,57.00
16037,1890,2,1888,57.00
16112,1890,65,1825,57.00
16491,1890,26,1864,57.00
17045,1891,68,1823,57.00
17731,1891,36,1855,57.00
18092,1891,24,1867,57.00
18483,1891,43,1848,57.00
18584,1891,41,1850 ,57.00
18703,1891,21,1870,57.00
18864,1891,64,1827,57.00
19185,1891,38,1853,57.00
19338,1891,16,1875,57.00
19666,1892,57,1835,57.00
19704,1892,30,1862,57.00
19938,1892,51,1841,57.00
20023,1892,49,1843,57.00
20208,1892,51,1841,57.00
20402,1892,68,1824,57.00
20497,1892,45,1847,57.00
21035,1892,35,1857,57.00
21632,1892,41,1851,57.00
21949,1892,30,1862,57.00
23605,1893,24,1869,57.00
23977,1893,23,1870 ,57.00
24233,1893,36,1857,57.00
24514,1893,23,1870,57.00
24715,1893,19,1874,57.00
24968,1893,31,1862,57.00
25178,1893,37,1856,57.00
25409,1893,44,1849,57.00
25745,1893,22,1871,57.00
25872,1893,33,1860,57.00
25960,1893,33,1860,57.00
26024,1893,38,1855,57.00
26880,1893,75,1818,57.00
27078,1894,29,1865,57.00
27298,1894,43,1851,57.00
27746,1894,63,1831,57.00
28049,1894,70,1824,57.00
28305,1894,69,1825,57.00
28420,1894,24,1870,57.00
28788,1894,50,1844,57.00
28789,1894,44,1850,57.00
29005,1894,20,1874,57.00
29197,1894,45,1849,57.00
29282,1894,33,1861,57.00
29708,1894,35,1859,57.00
29821,1894,50,1844,57.00
29823,1894,38,1856,57.00
29874,1894,40,1854,57.00
30244,1894,65,1829,57.00
30388,1894,31,1863,57.00
30403,1894,41,1853,57.00
30543,1894,34,1860,57.00
30781,1894,38,1856,57.00
31451,1895,52,1843,57.00
31970,1895,21,1874,57.00
33309,1895,20,1875,57.00
33681,1895,50,1845,57.00
33797,1895,32,1863,57.00
33999,1895,27,1868,57.00
34469,1895,20,1875,57.00
34679,1895,25,1870,57.00
34916,1896,50,1846,57.00
35352,1896,45,1851,57.00
35646,1896,62,1834,57.00
36100,1896,30,1866,57.00
36209,1896,33,1863,57.00
36400,1896,21,1875,57.00
36470,1896,33,1863,57.00
36518,1896,23,1873,57.00
37097,1896,18,1878,57.00
37398,1896,46,1850,57.00
37420,1896,72,1824,57.00
37913,1896,45,1851,57.00
38056,1896,31,1865,57.00
38209,1896,31,1865,57.00
38302,1896,35,1861,57.00
38654,1896,22,1874,57.00
38870,1897,37,1860,57.00
38955,1897,28,1869,57.00
39146,1897,48,1849,57.00
39428,1897,32,1865,57.00
39791,1897,48,1849,57.00
40224,1897,66,1831,57.00
40460,1897,46,1851,57.00
40686,1897,33,1864,57.00
41379,1897,48,1849,57.00
41617,1897,40,1857,57.00
41665,1897,34,1863,57.00
41761,1897,30,1867,57.00
41831,1897,48,1849,57.00
41955,1897,37,1860,57.00
42162,1897,23,1874,57.00
42193,1897,47,1850,57.00
42200,1897,22,1875,57.00
42499,1898,23,1875,57.00
42611,1898,37,1861,57.00
42899,1898,74,1824,57.00
42963,1898,24,1874,57.00
43325,1898,44,1854,57.00
43535,1898,20,1878,57.00
43748,1898,19,1879,57.00
43884,1898,31,1867,57.00
45539,1898,41,1857,57.00
45759,1898,30,1868,57.00
45779,1898,23,1875,57.00
46760,1899,50,1849,57.00
47627,1899,41,1858,57.00
48355,1899,35,1864,57.00
48887,1899,51,1848,57.00
49021,1899,27,1872,57.00
51294,1900,49,1851,57.00
51519,1900,43,1857,57.00
51793,1900,30,1870,57.00
53208,1900,26,1874,57.00
55147,1901,24,1877,57.00
55329,1901,27,1874,57.00
55393,1901,28,1873,57.00
55906,1901,50,1851,57.00
55941,1901,43,1858,57.00
56375,1901,42,1859,57.00
56454,1901,61,1840,57.00
57116,1902,40,1862,57.00
57341,1902,23,1879,57.00
57512,1902,49,1853,57.00
58133,1902,40,1862,57.00
58905,1902,48,1854,57.00
59031,1902,34,1868,57.00
59938,1902,18,1884,57.00
60085,1902,56,1846,57.00
60628,1903,27,1876,57.00
60724,1903,50,1853,57.00
61136,1903,38,1865,57.00
61403,1903,30,1873,57.00
61602,1903,40,1863,57.00
62196,1903,48,1855,57.00
63670,1903,70,1833,57.00
63789,1903,46,1857,57.00
64915,1904,23,1881,57.00
65462,1904,46,1858,57.00
65799,1904,30,1874,57.00
66508,1904,35,1869,57.00
66872,1904,48,1856,57.00
67664,1904,45,1859,57.00
68510,1905,43,1862,57.00
69017,1905,42,1863,57.00
69210,1905,51,1854,57.00
69649,1905,27,1878,57.00
70274,1905,27,1878,57.00
72822,1905,54,1851,57.00
73022,1906,44,1862,57.00
73276,1906,46,1860,57.00
73906,1906,35,1871,57.00
74559,1906,27,1879,57.00
74644,1906,45,1861,57.00
75093,1906,45,1861,57.00
75298,1906,32,1874,57.00
75319,1906,21,1885,57.00
77014,1906,58,1848,57.00
77495,1906,42,1864,57.00
77510,1907,63,1844,57.00
77912,1907,44,1863,57.00
78224,1907,50,1857,57.00
78296,1907,59,1848,57.00
78782,1907,50,1857,57.00
79991,1907,48,1859,57.00
80651,1907,35,1872,57.00
81284,1907,49,1858,57.00
81819,1907,20,1887,57.00
82613,1908,49,1859,57.00
83325,1908,36,1872,57.00
83327,1908,49,1859,57.00
84755,1908,34,1874,57.00
85239,1908,22,1886,57.00
85539,1908,46,1862,57.00
86031,1908,38,1870,57.00
86148,1908,66,1842,57.00
86261,1908,46,1862,57.00
86510,1908,19,1889,57.00
86620,1908,30,1878,57.00
86669,1908,31,1877,57.00
86806,1908,33,1875,57.00
87552,1909,44,1865,57.00
87679,1909,29,1880,57.00
90502,1909,60,1849,57.00
91398,1909,30,1879,57.00
91909,1909,30,1879,57.00
92023,1909,46,1863,57.00
93062,1910,40,1870,57.00
93654,1910,62,1848,57.00
93655,1910,40,1870,57.00
94469,1910,26,1884,57.00
94470,1910,28,1882,57.00
96200,1910,21,1889,57.00
97705,1910,33,1877,57.00
99353,1911,66,1845,57.00
99526,1911,39,1872,57.00
99950,1911,39,1872,57.00
101807,1911,31,1880,57.00
102677,1911,69,1842,57.00
103234,1912,48,1864,57.00
106444,1912,51,1861,57.00
107757,1912,29,1883,57.00
108782,1913,72,1841,57.00
109265,1913,29,1884,57.00
109281,1913,39,1874,57.00
109347,1913,41,1872,57.00
109927,1913,67,1846,57.00
110286,1913,60,1853,57.00
111046,1913,65,1848,57.00
111217,1913,51,1862,57.00
111826,1913,28,1885,57.00
112363,1913,33,1880,57.00
112495,1914,30,1884,57.00
113264,1914,41,1873,57.00
115124,1914,66,1848,57.00
115884,1914,30,1884,57.00
116505,1914,22,1892,57.00
117269,1915,41,1874,57.00
117353,1915,45,1870,57.00
117816,1915,52,1863,57.00
118216,1915,31,1884,57.00
119191,1915,53,1862,57.00
119790,1916,62,1854,57.00
119991,1916,31,1885,57.00
120021,1916,51,1865,57.00
120397,1916,38,1878,57.00
121413,1916,46,1870,57.00
122643,1917,61,1856,57.00
122710,1917,64,1853,57.00
122805,1917,30,1887,57.00
123201,1918,38,1880,57.00
123912,1918,33,1885,57.00
123945,1918,33,1885,57.00
124089,1918,21,1897,57.00
124572,1919,39,1880,57.00
124625,1919,23,1896,57.00
124771,1919,32,1887,57.00
125105,1919,39,1880,57.00
125410,1919,24,1895,57.00
125524,1920,65,1855,57.00
126902,1920,32,1888,57.00
128405,1921,27,1894,57.00
128579,1921,37,1884,57.00
129774,1922,45,1877,57.00
130065,1922,26,1896,57.00
130210,1922,39,1883,57.00
132408,1923,47,1876,57.00
1608,1881,56,1825,57.25
5164,1882,21,1861,57.25
8508,1882,23,1859,57.25
10079,1889,38,1851,57.25
10776,1889,25,1864,57.25
11644,1889,35,1854,57.25
11986,1889,48,1841,57.25
14548,1890,25,1865,57.25
14617,1890,61,1829,57.25
14995,1890,25,1865,57.25
15350,1890,44,1846,57.25
17570,1891,41,1850,57.25
17670,1891,65,1826,57.25
18417,1891,58,1833,57.25
18863,1891,30,1861,57.25
24070,1893,31,1862,57.25
24278,1893,25,1868,57.25
24603,1893,26,1867,57.25
25971,1893,26,1867,57.25
26399,1893,46,1847,57.25
32533,1895,14,1881,57.25
32731,1895,70,1825,57.25
35140,1896,39,1857,57.25
36401,1896,40,1856,57.25
37459,1896,53,1843,57.25
39197,1897,24,1873,57.25
39594,1897,26,1871,57.25
39705,1897,51,1846,57.25
40969,1897,42,1855,57.25
41121,1897,31,1866,57.25
41895,1897,18,1879,57.25
42608,1898,21,1877,57.25
43455,1898,30,1868,57.25
43537,1898,50,1848,57.25
45211,1898,32,1866,57.25
45391,1898,35,1863,57.25
47377,1899,34,1865,57.25
48516,1899,35,1864,57.25
48652,1899,31,1868,57.25
48962,1899,53,1846,57.25
49250,1899,34,1865,57.25
49617,1899,42,1857,57.25
50906,1900,40,1860,57.25
51878,1900,45,1855,57.25
53053,1900,38,1862,57.25
54906,1901,28,1873,57.25
55144,1901,23,1878,57.25
56008,1901,35,1866,57.25
57888,1902,34,1868,57.25
58755,1902,39,1863,57.25
63521,1903,34,1869,57.25
64840,1904,39,1865,57.25
65943,1904,23,1881,57.25
68131,1904,25,1879,57.25
72219,1905,49,1856,57.25
73479,1906,32,1874,57.25
74411,1906,53,1853,57.25
78443,1907,23,1884,57.25
78604,1907,41,1866,57.25
83044,1908,23,1885,57.25
106242,1912,32,1880,57.25
107065,1912,51,1861,57.25
123198,1918,48,1870,57.25
130906,1923,71,1852,57.25
132472,1923,28,1895,57.25
393,1881,19,1862,57.50
1454,1881,18,1863,57.50
1830,1881,23,1858,57.50
2358,1881,29,1852,57.50
2735,1881,52,1829,57.50
2766,1881,31,1850,57.50
3138,1881,24,1857,57.50
3498,1881,35,1846,57.50
3503,1881,27,1854,57.50
3599,1881,22,1859,57.50
4337,1882,32,1850,57.50
4479,1882,28,1854,57.50
4737,1882,26,1856,57.50
4789,1882,31,1851,57.50
4876,1882,17,1865,57.50
5488,1882,29,1853,57.50
5897,1882,32,1850,57.50
6216,1882,35,1847,57.50
6333,1882,18,1864,57.50
6411,1882,30,1852,57.50
6413,1882,46,1836,57.50
6490,1882,48,1834,57.50
6613,1882,25,1857,57.50
6647,1882,20,1862,57.50
7184,1882,33,1849,57.50
7579,1882,25,1857,57.50
7874,1882,36,1846,57.50
8255,1882,42,1840,57.50
8263,1882,51,1831,57.50
8335,1882,35,1847,57.50
8707,1889,17,1872,57.50
8824,1889,51,1838,57.50
9000,1889,41,1848,57.50
9238,1889,21,1868,57.50
9732,1889,38,1851,57.50
9991,1889,42,1847,57.50
10222,1889,61,1828,57.50
10459,1889,21,1868,57.50
10991,1889,30,1859,57.50
11012,1889,26,1863,57.50
11300,1889,17,1872,57.50
11388,1889,30,1859,57.50
11412,1889,37,1852,57.50
11701,1889,25,1864,57.50
11912,1889,43,1846,57.50
12602,1890,20,1870,57.50
12795,1890,41,1849,57.50
12821,1890,49,1841,57.50
13037,1890,24,1866,57.50
13427,1890,46,1844,57.50
13833,1890,41,1849,57.50
13881,1890,27,1863,57.50
15032,1890,29,1861,57.50
15501,1890,39,1851,57.50
16132,1890,47,1843,57.50
16393,1890,34,1856,57.50
17732,1891,36,1855,57.50
17997,1891,52,1839,57.50
18239,1891,40,1851,57.50
18451,1891,31,1860,57.50
20271,1892,21,1871,57.50
20282,1892,20,1872,57.50
20317,1892,30,1862,57.50
21301,1892,53,1839,57.50
21825,1892,38,1854,57.50
23140,1892,35,1857,57.50
23620,1893,67,1826,57.50
24305,1893,31,1862,57.50
24749,1893,45,1848,57.50
25369,1893,39,1854,57.50
26067,1893,22,1871,57.50
26204,1893,32,1861,57.50
27654,1894,46,1848,57.50
27681,1894,30,1864,57.50
27718,1894,63,1831,57.50
28759,1894,48,1846,57.50
28760,1894,36,1858,57.50
29422,1894,18,1876,57.50
30063,1894,41,1853 ,57.50
30181,1894,70,1824,57.50
30633,1894,73,1821,57.50
31027,1895,49,1846,57.50
31049,1895,18,1877,57.50
31391,1895,60,1835 ,57.50
31648,1895,31,1864 ,57.50
31695,1895,25,1870,57.50
31869,1895,23,1872,57.50
31987,1895,33,1862,57.50
32293,1895,40,1855,57.50
32360,1895,30,1865,57.50
32881,1895,38,1857,57.50
33017,1895,46,1849,57.50
33029,1895,44,1851,57.50
33338,1895,30,1865,57.50
33883,1895,22,1873,57.50
34126,1895,27,1868,57.50
35023,1896,50,1846,57.50
36596,1896,24,1872,57.50
36599,1896,28,1868,57.50
38037,1896,61,1835,57.50
38471,1896,32,1864,57.50
38896,1897,46,1851,57.50
39800,1897,23,1874,57.50
40430,1897,23,1874,57.50
40738,1897,40,1857,57.50
40968,1897,27,1870,57.50
41957,1897,33,1864,57.50
42503,1898,33,1865,57.50
43092,1898,70,1828,57.50
43454,1898,42,1856,57.50
44135,1898,25,1873,57.50
44138,1898,24,1874,57.50
45754,1898,46,1852,57.50
45755,1898,24,1874,57.50
47147,1899,51,1848,57.50
47550,1899,46,1853,57.50
47812,1899,52,1847,57.50
48398,1899,25,1874,57.50
48801,1899,39,1860,57.50
49308,1899,25,1874,57.50
49468,1899,34,1865,57.50
49616,1899,34,1865,57.50
49621,1899,18,1881,57.50
49878,1899,30,1869,57.50
50809,1900,51,1849,57.50
51414,1900,46,1854,57.50
51946,1900,35,1865,57.50
52013,1900,56,1844,57.50
52070,1900,56,1844,57.50
52072,1900,33,1867,57.50
52453,1900,36,1864,57.50
53536,1901,33,1868,57.50
53827,1901,27,1874,57.50
54085,1901,38,1863,57.50
54113,1901,60,1841,57.50
55674,1901,47,1854,57.50
56518,1901,43,1858,57.50
56863,1901,19,1882,57.50
56908,1901,46,1855,57.50
57038,1902,38,1864,57.50
58260,1902,47,1855,57.50
58486,1902,33,1869,57.50
58553,1902,58,1844,57.50
59641,1902,44,1858,57.50
59642,1902,42,1860,57.50
59748,1902,43,1859,57.50
60996,1903,29,1874,57.50
61143,1903,50,1853,57.50
62366,1903,49,1854,57.50
64076,1903,25,1878,57.50
67266,1904,33,1871,57.50
67781,1904,32,1872,57.50
67859,1904,23,1881,57.50
68483,1904,23,1881,57.50
68845,1905,26,1879,57.50
69036,1905,55,1850,57.50
71077,1905,53,1852,57.50
71472,1905,32,1873,57.50
71575,1905,43,1862,57.50
73484,1906,52,1854,57.50
74500,1906,25,1881,57.50
74503,1906,42,1864,57.50
74908,1906,62,1844,57.50
76002,1906,21,1885,57.50
76411,1906,37,1869,57.50
76776,1906,36,1870,57.50
77686,1907,43,1864,57.50
78891,1907,40,1867,57.50
79762,1907,30,1877,57.50
80802,1907,50,1857,57.50
81096,1907,43,1864,57.50
83424,1908,60,1848,57.50
84538,1908,50,1858,57.50
84586,1908,23,1885,57.50
85424,1908,35,1873,57.50
85670,1908,45,1863,57.50
86966,1909,42,1867,57.50
89518,1909,52,1857,57.50
91257,1909,45,1864,57.50
91828,1909,39,1870,57.50
93724,1910,62,1848,57.50
94503,1910,53,1857,57.50
100240,1911,35,1876,57.50
102024,1911,18,1893,57.50
103733,1912,60,1852,57.50
104266,1912,38,1874,57.50
104416,1912,32,1880,57.50
106240,1912,27,1885,57.50
106395,1912,39,1873,57.50
112427,1914,59,1855,57.50
114571,1914,37,1877,57.50
114845,1914,45,1869,57.50
115266,1914,26,1888,57.50
121436,1916,24,1892,57.50
123946,1918,23,1895,57.50
126976,1920,48,1872,57.50
127014,1920,35,1885,57.50
128476,1921,41,1880,57.50
130949,1923,39,1884,57.50
134334,1924,28,1896,57.50
1519,1881,22,1859,57.75
8859,1889,27,1862,57.75
9022,1889,27,1862,57.75
11969,1889,26,1863,57.75
12428,1889,44,1845,57.75
13200,1890,18,1872,57.75
13242,1890,23,1867,57.75
13382,1890,26,1864,57.75
13506,1890,33,1857,57.75
13683,1890,18,1872,57.75
13717,1890,18,1872,57.75
14156,1890,57,1833,57.75
15139,1890,59,1831,57.75
16532,1890,25,1865,57.75
17084,1891,36,1855,57.75
20617,1892,14,1878,57.75
22305,1892,30,1862,57.75
22436,1892,30,1862,57.75
23845,1893,26,1867,57.75
25094,1893,25,1868,57.75
28348,1894,23,1871,57.75
31518,1895,27,1868,57.75
32071,1895,52,1843,57.75
32631,1895,21,1874,57.75
34431,1895,55,1840,57.75
35982,1896,39,1857,57.75
37285,1896,29,1867,57.75
37604,1896,55,1841,57.75
37605,1896,38,1858,57.75
42140,1897,27,1870,57.75
42710,1898,42,1856,57.75
42764,1898,27,1871,57.75
42826,1898,37,1861,57.75
43242,1898,32,1866,57.75
43243,1898,30,1868,57.75
43869,1897,24,1873,57.75
44104,1898,22,1876,57.75
44394,1898,19,1879,57.75
45210,1898,23,1875,57.75
46418,1899,56,1843,57.75
46550,1899,43,1856,57.75
46886,1899,45,1854,57.75
47546,1899,35,1864,57.75
48732,1899,26,1873,57.75
49276,1899,30,1869,57.75
49693,1899,41,1858,57.75
51168,1900,24,1876,57.75
51288,1900,45,1855,57.75
53616,1901,54,1847,57.75
54162,1901,50,1851,57.75
54416,1901,46,1855,57.75
54910,1901,43,1858,57.75
58067,1902,22,1880,57.75
58611,1902,45,1857,57.75
58903,1902,25,1877,57.75
62145,1903,56,1847,57.75
62737,1903,40,1863,57.75
64841,1904,39,1865,57.75
66545,1904,30,1874,57.75
68008,1904,28,1876,57.75
70033,1905,41,1864,57.75
71966,1905,35,1870,57.75
73903,1906,49,1857,57.75
76079,1906,32,1874,57.75
76468,1906,30,1876,57.75
82221,1908,36,1872,57.75
84614,1908,34,1874,57.75
86263,1908,57,1851,57.75
86476,1908,46,1862,57.75
87088,1909,59,1850,57.75
87962,1909,42,1867,57.75
91284,1909,35,1874,57.75
95864,1910,60,1850,57.75
116370,1914,23,1891,57.75
118929,1915,68,1847,57.75
118949,1915,24,1891,57.75
119634,1916,52,1864,57.75
121465,1916,52,1864,57.75
122380,1917,22,1895,57.75
123125,1918,26,1892,57.75
124635,1919,29,1890,57.75
125499,1919,29,1890,57.75
129722,1922,26,1896,57.75
70,1881,30,1851,58.00
163,1881,44,1837,58.00
378,1881,28,1853,58.00
436,1881,43,1838,58.00
457,1881,54,1827,58.00
527,1881,23,1858,58.00
537,1881,31,1850,58.00
860,1881,31,1850,58.00
1004,1881,27,1854,58.00
1285,1881,30,1851,58.00
1327,1881,31,1850,58.00
1727,1881,21,1860,58.00
1837,1881,46,1835,58.00
2057,1881,38,1843,58.00
2202,1881,35,1846,58.00
2288,1881,79,1802,58.00
2405,1881,45,1836 ,58.00
2647,1881,23,1858,58.00
2687,1881,50,1831,58.00
3019,1881,37,1844,58.00
3168,1881,50,1831,58.00
3509,1881,29,1852,58.00
3713,1881,21,1860,58.00
3724,1881,52,1829,58.00
3728,1881,44,1837,58.00
3905,1881,30,1851,58.00
4104,1881,53,1828,58.00
4619,1882,29,1853,58.00
4662,1882,40,1842,58.00
4697,1882,47,1835,58.00
4747,1882,52,1830,58.00
4760,1882,53,1829,58.00
4768,1882,28,1854,58.00
4992,1882,31,1851,58.00
5126,1882,31,1851,58.00
5163,1882,31,1851,58.00
5411,1882,26,1856,58.00
5573,1882,54,1828,58.00
5777,1882,32,1850,58.00
5866,1882,23,1859,58.00
5920,1882,46,1836,58.00
6191,1882,33,1849,58.00
6386,1882,32,1850,58.00
6465,1882,61,1821,58.00
6560,1882,39,1843,58.00
6715,1882,25,1857,58.00
6831,1882,23,1859,58.00
6868,1882,50,1832,58.00
6917,1882,40,1842,58.00
7179,1882,25,1857,58.00
7612,1882,34,1848,58.00
7783,1882,20,1862,58.00
8044,1882,41,1841,58.00
8051,1882,24,1858,58.00
8275,1882,65,1817,58.00
8276,1882,58,1824,58.00
8361,1882,48,1834,58.00
8498,1882,25,1857,58.00
8738,1889,19,1870,58.00
8795,1889,24,1865,58.00
8849,1889,27,1862,58.00
8891,1889,48,1841,58.00
9226,1889,65,1824,58.00
9296,1889,40,1849,58.00
9329,1889,29,1860,58.00
9376,1889,23,1866,58.00
9568,1889,26,1863,58.00
9638,1889,31,1858,58.00
10139,1889,66,1823,58.00
10211,1889,21,1868,58.00
10245,1889,50,1839,58.00
10367,1889,31,1858,58.00
10600,1889,40,1849,58.00
10908,1889,23,1866,58.00
10927,1889,45,1844,58.00
10960,1889,45,1844,58.00
10981,1889,45,1844,58.00
11098,1889,17,1872,58.00
11514,1889,39,1850,58.00
11643,1889,50,1839,58.00
11695,1889,29,1860,58.00
11700,1889,29,1860,58.00
11826,1889,39,1850,58.00
11926,1889,23,1866,58.00
12149,1889,32,1857,58.00
12375,1889,60,1829,58.00
12449,1890,49,1841,58.00
12460,1889,33,1856,58.00
12634,1890,46,1844,58.00
12683,1890,66,1824,58.00
12699,1890,40,1850,58.00
12950,1890,63,1827,58.00
13086,1890,36,1854,58.00
13101,1890,22,1868,58.00
13129,1890,24,1866,58.00
13383,1890,57,1833,58.00
13401,1890,34,1856,58.00
13429,1890,29,1861,58.00
13855,1890,65,1825,58.00
13877,1890,48,1842,58.00
14115,1890,41,1849,58.00
14237,1890,53,1837,58.00
14270,1890,60,1830,58.00
14600,1890,32,1858,58.00
14678,1890,34,1856,58.00
14718,1890,23,1867,58.00
14770,1890,19,1871,58.00
14782,1890,52,1838,58.00
14945,1890,36,1854,58.00
15037,1890,44,1846,58.00
15398,1890,48,1842,58.00
15492,1890,20,1870,58.00
15622,1890,19,1871,58.00
15645,1890,32,1858,58.00
15805,1890,30,1860,58.00
15981,1890,63,1827,58.00
15992,1890,45,1845,58.00
16083,1890,29,1861,58.00
16094,1890,41,1849,58.00
16125,1890,20,1870,58.00
16517,1890,49,1841,58.00
16900,1891,27,1864,58.00
17323,1891,39,1852,58.00
17689,1891,28,1863,58.00
17926,1891,30,1861,58.00
17942,1891,41,1850,58.00
18376,1891,65,1826,58.00
18388,1891,50,1841,58.00
19018,1891,29,1862,58.00
19399,1891,42,1849,58.00
19492,1892,70,1822,58.00
19626,1892,51,1841,58.00
19664,1892,32,1860,58.00
19833,1892,35,1857,58.00
19971,1892,24,1868,58.00
20061,1892,19,1873,58.00
20251,1892,44,1848,58.00
20275,1892,43,1849,58.00
20693,1892,34,1858,58.00
20789,1892,19,1873,58.00
20857,1892,45,1847,58.00
21067,1892,53,1839,58.00
21102,1892,22,1870,58.00
21305,1892,31,1861,58.00
21581,1892,52,1840,58.00
21606,1892,35,1857,58.00
21770,1892,43,1849,58.00
21957,1892,42,1850,58.00
22245,1892,52,1840,58.00
22289,1892,26,1866,58.00
22467,1892,66,1826,58.00
22822,1892,29,1863,58.00
22903,1892,47,1845,58.00
23346,1893,43,1850,58.00
23360,1893,48,1845,58.00
23474,1893,68,1825,58.00
23553,1893,42,1851,58.00
23713,1893,31,1862,58.00
23969,1893,42,1851,58.00
23974,1893,33,1860,58.00
23997,1893,45,1848,58.00
24042,1893,45,1848,58.00
24246,1893,40,1853,58.00
24489,1893,39,1854,58.00
24516,1893,42,1851 ,58.00
24546,1893,45,1848,58.00
24579,1893,34,1859,58.00
24867,1893,32,1861,58.00
24937,1893,51,1842,58.00
25090,1893,31,1862,58.00
25302,1893,21,1872,58.00
25323,1893,34,1859,58.00
25357,1893,44,1849,58.00
25444,1893,27,1866,58.00
25818,1893,44,1849,58.00
25888,1893,52,1841,58.00
26108,1893,21,1872,58.00
26225,1893,48,1845,58.00
26421,1893,27,1866 ,58.00
26813,1893,49,1844,58.00
26861,1893,52,1841,58.00
26972,1894,31,1863,58.00
27163,1894,77,1817,58.00
27374,1894,50,1844,58.00
27412,1894,49,1845,58.00
27698,1894,32,1862,58.00
27870,1894,41,1853,58.00
27980,1894,30,1864,58.00
28216,1894,33,1861,58.00
28470,1894,24,1870,58.00
28538,1891,34,1857,58.00
28554,1894,54,1840,58.00
28572,1894,62,1832,58.00
28609,1894,40,1854,58.00
28644,1894,18,1876,58.00
28903,1894,64,1830,58.00
29098,1894,50,1844,58.00
29105,1894,35,1859,58.00
29173,1894,22,1872,58.00
29226,1894,29,1865,58.00
29232,1894,18,1876,58.00
29260,1894,28,1866,58.00
29329,1894,40,1854,58.00
29433,1894,34,1860,58.00
29452,1894,19,1875,58.00
29611,1894,26,1868,58.00
29925,1894,33,1861,58.00
30125,1894,46,1848,58.00
30474,1894,33,1861,58.00
30510,1894,60,1834,58.00
31125,1895,23,1872,58.00
31128,1895,76,1819,58.00
31174,1895,46,1849,58.00
31387,1895,39,1856,58.00
31806,1895,43,1852,58.00
31813,1895,60,1835,58.00
31946,1895,53,1842,58.00
32017,1895,75,1820,58.00
32260,1895,34,1861,58.00
32290,1895,70,1825,58.00
32494,1895,35,1860,58.00
32754,1895,33,1862,58.00
32894,1895,52,1843,58.00
32907,1895,37,1858,58.00
32961,1895,24,1871,58.00
33226,1895,56,1839,58.00
33279,1895,36,1859,58.00
33315,1895,32,1863,58.00
33345,1895,18,1877,58.00
33356,1895,26,1869,58.00
33439,1895,58,1837,58.00
33510,1895,46,1849,58.00
33608,1895,42,1853,58.00
34059,1895,33,1862,58.00
34247,1895,42,1853,58.00
34272,1895,22,1873,58.00
34387,1895,60,1835,58.00
34432,1895,33,1862,58.00
34716,1895,33,1862,58.00
34965,1896,32,1864,58.00
35631,1896,30,1866,58.00
35644,1896,46,1850,58.00
35959,1896,35,1861,58.00
36095,1896,31,1865,58.00
36114,1896,46,1850,58.00
36519,1896,8,1888,58.00
36543,1896,51,1845,58.00
36788,1896,46,1850,58.00
37214,1896,41,1855,58.00
37350,1896,39,1857,58.00
37680,1896,32,1864,58.00
37684,1896,39,1857,58.00
38015,1896,40,1856,58.00
38091,1896,35,1861,58.00
38535,1896,40,1856,58.00
38715,1896,39,1857,58.00
39106,1897,35,1862,58.00
39257,1897,36,1861,58.00
39293,1897,45,1852,58.00
39350,1897,26,1871,58.00
39415,1897,36,1861,58.00
39453,1897,56,1841,58.00
39698,1897,74,1823,58.00
39796,1897,17,1880,58.00
39971,1897,20,1877,58.00
40098,1897,22,1875,58.00
40310,1897,65,1832,58.00
40327,1897,46,1851,58.00
40367,1897,49,1848,58.00
40577,1897,68,1829,58.00
40998,1897,54,1843,58.00
41616,1897,33,1864,58.00
41670,1897,57,1840,58.00
41828,1897,20,1877,58.00
42079,1897,21,1876,58.00
42142,1897,49,1848,58.00
43021,1898,39,1859,58.00
43543,1898,36,1862,58.00
43547,1898,80,1818,58.00
43665,1898,37,1861,58.00
43795,1898,27,1871,58.00
44037,1898,46,1852,58.00
44100,1898,55,1843,58.00
44151,1898,47,1851,58.00
44196,1898,43,1855,58.00
44390,1898,22,1876,58.00
44392,1898,34,1864,58.00
44410,1898,41,1857,58.00
44959,1898,47,1851,58.00
45034,1898,50,1848,58.00
45116,1898,27,1871,58.00
45611,1898,48,1850,58.00
45656,1898,64,1834,58.00
45838,1898,71,1827,58.00
46064,1898,36,1862,58.00
46248,1899,55,1844,58.00
46278,1899,35,1864,58.00
46419,1899,35,1864,58.00
46562,1899,49,1850,58.00
47456,1899,27,1872,58.00
47476,1899,55,1844,58.00
48357,1899,72,1827,58.00
48442,1899,49,1850,58.00
48910,1899,65,1834,58.00
49252,1899,32,1867,58.00
49403,1899,63,1836,58.00
49739,1899,48,1851,58.00
49965,1899,27,1872,58.00
50236,1900,38,1862,58.00
50446,1900,50,1850,58.00
50538,1900,39,1861,58.00
50615,1900,29,1871,58.00
50756,1900,25,1875,58.00
51167,1900,25,1875,58.00
51469,1900,73,1827,58.00
51552,1900,55,1845,58.00
51786,1900,32,1868,58.00
52138,1900,35,1865,58.00
52374,1900,50,1850,58.00
53221,1900,57,1843,58.00
54015,1901,58,1843,58.00
55083,1901,50,1851,58.00
55238,1901,40,1861,58.00
55241,1901,40,1861,58.00
55325,1901,59,1842,58.00
55526,1901,25,1876,58.00
55671,1901,47,1854,58.00
55721,1901,55,1846,58.00
55910,1901,33,1868,58.00
55913,1901,41,1860,58.00
56068,1901,58,1843,58.00
56069,1901,39,1862,58.00
56205,1901,28,1873,58.00
56264,1901,46,1855,58.00
56629,1901,38,1863,58.00
57039,1902,24,1878,58.00
57114,1902,33,1869,58.00
57120,1902,34,1868,58.00
57293,1902,50,1852,58.00
57691,1902,27,1875,58.00
58037,1902,28,1874,58.00
58322,1902,38,1864,58.00
58348,1902,41,1861,58.00
58752,1902,22,1880,58.00
59129,1902,71,1831,58.00
59767,1902,52,1850,58.00
60106,1902,39,1863,58.00
60845,1903,47,1856,58.00
60899,1903,21,1882,58.00
61029,1903,86,1817,58.00
61030,1903,43,1860,58.00
61371,1903,62,1841,58.00
61423,1903,38,1865,58.00
61559,1903,29,1874,58.00
61777,1903,29,1874,58.00
62021,1903,26,1877,58.00
62365,1903,27,1876,58.00
63367,1903,35,1868,58.00
63445,1903,39,1864,58.00
63601,1903,23,1880,58.00
63735,1903,44,1859,58.00
63788,1903,28,1875,58.00
64073,1903,25,1878,58.00
64077,1903,41,1862,58.00
64165,1903,47,1856,58.00
64334,1904,60,1844,58.00
64782,1904,17,1887,58.00
65000,1904,49,1855,58.00
65118,1904,19,1885,58.00
65537,1904,23,1881,58.00
65707,1904,24,1880,58.00
65947,1904,41,1863,58.00
66371,1904,51,1853,58.00
66729,1904,56,1848,58.00
66812,1904,66,1838,58.00
66846,1904,22,1882,58.00
66848,1904,40,1864,58.00
67010,1904,30,1874,58.00
67499,1904,21,1883,58.00
68096,1904,30,1874,58.00
68130,1904,24,1880,58.00
68157,1904,50,1854,58.00
68160,1904,64,1840,58.00
68277,1904,31,1873,58.00
68482,1904,39,1865,58.00
69016,1905,41,1864,58.00
69157,1905,38,1867,58.00
69702,1905,50,1855,58.00
69874,1905,26,1879,58.00
70135,1905,62,1843,58.00
70542,1905,72,1833,58.00
71798,1905,30,1875,58.00
72227,1905,42,1863,58.00
72251,1905,34,1871,58.00
72276,1905,23,1882,58.00
72467,1905,32,1873,58.00
72823,1905,50,1855,58.00
73684,1906,50,1856,58.00
73774,1906,71,1835,58.00
73846,1906,38,1868,58.00
74132,1906,21,1885,58.00
75336,1906,20,1886,58.00
75600,1906,23,1883,58.00
75736,1906,27,1879,58.00
76089,1906,60,1846,58.00
76185,1906,26,1880,58.00
76212,1906,22,1884,58.00
76270,1906,18,1888,58.00
76416,1906,37,1869,58.00
76417,1906,58,1848,58.00
76816,1906,43,1863,58.00
76920,1906,26,1880,58.00
77015,1906,42,1864,58.00
77176,1906,32,1874,58.00
78191,1907,32,1875,58.00
78448,1907,31,1876,58.00
78927,1907,51,1856,58.00
78975,1907,41,1866,58.00
81412,1907,25,1882,58.00
81570,1907,18,1889,58.00
81735,1907,75,1832,58.00
83214,1908,32,1876,58.00
84035,1908,32,1876,58.00
84137,1908,25,1883,58.00
84309,1908,21,1887,58.00
84661,1908,38,1870,58.00
84703,1908,25,1883,58.00
85535,1908,49,1859,58.00
85793,1908,57,1851,58.00
86006,1908,29,1879,58.00
87109,1909,31,1878,58.00
87173,1909,35,1874,58.00
87470,1909,32,1877,58.00
87556,1909,37,1872,58.00
87581,1909,61,1848,58.00
87582,1909,53,1856,58.00
87830,1909,31,1878,58.00
87881,1909,66,1843,58.00
87954,1909,37,1872,58.00
88355,1909,47,1862,58.00
89110,1909,36,1873,58.00
89395,1909,37,1872,58.00
89465,1909,30,1879,58.00
89636,1909,71,1838,58.00
89839,1909,23,1886,58.00
89976,1909,42,1867,58.00
90841,1909,49,1860,58.00
92316,1909,69,1840,58.00
92719,1910,46,1864,58.00
93237,1910,66,1844,58.00
93725,1910,36,1874,58.00
94084,1910,23,1887,58.00
94869,1910,45,1865,58.00
95064,1910,48,1862,58.00
95836,1910,62,1848,58.00
95960,1910,23,1887,58.00
96343,1910,26,1884,58.00
96487,1910,30,1880,58.00
98012,1911,38,1873,58.00
98090,1911,28,1883,58.00
98151,1911,27,1884,58.00
98153,1911,26,1885,58.00
98609,1911,40,1871,58.00
99084,1911,43,1868,58.00
100036,1911,51,1860,58.00
100745,1911,72,1839,58.00
101421,1911,43,1868,58.00
101698,1911,51,1860,58.00
102276,1919,46,1873,58.00
102491,1911,35,1876,58.00
102499,1911,42,1869,58.00
103296,1912,40,1872,58.00
103732,1912,41,1871,58.00
103861,1912,47,1865,58.00
104218,1912,35,1877,58.00
104414,1912,29,1883,58.00
104415,1912,46,1866,58.00
104713,1912,29,1883,58.00
105067,1912,63,1849,58.00
105448,1912,20,1892,58.00
105496,1912,33,1879,58.00
105538,1912,23,1889,58.00
105584,1912,37,1875,58.00
105718,1912,31,1881,58.00
105757,1912,51,1861,58.00
105962,1912,32,1880,58.00
106626,1912,35,1877,58.00
106629,1912,46,1866,58.00
106654,1912,51,1861,58.00
107221,1912,93,1819,58.00
107424,1912,64,1848,58.00
107665,1912,39,1873,58.00
107855,1912,20,1892,58.00
108016,1913,39,1874,58.00
108163,1913,56,1857,58.00
108557,1913,55,1858,58.00
109435,1913,37,1876,58.00
109986,1913,66,1847,58.00
111379,1913,41,1872,58.00
111759,1913,33,1880,58.00
111927,1913,51,1862,58.00
112186,1913,48,1865,58.00
112263,1913,39,1874,58.00
114919,1914,55,1859,58.00
115263,1914,27,1887,58.00
115982,1914,42,1872,58.00
116190,1914,49,1865,58.00
116214,1914,40,1874,58.00
116231,1914,23,1891,58.00
116445,1914,44,1870,58.00
117270,1915,42,1873,58.00
117387,1915,53,1862,58.00
118396,1915,50,1865,58.00
118452,1915,50,1865,58.00
118931,1915,49,1866,58.00
118953,1915,41,1874,58.00
119067,1915,54,1861,58.00
119348,1915,64,1851,58.00
119464,1915,52,1863,58.00
119756,1916,29,1887,58.00
119836,1916,22,1894,58.00
119944,1916,42,1874,58.00
120147,1916,27,1889,58.00
120770,1916,65,1851,58.00
121377,1916,36,1880,58.00
121435,1916,59,1857,58.00
121613,1916,43,1873,58.00
122220,1917,53,1864,58.00
122395,1917,32,1885,58.00
122843,1917,30,1887,58.00
122844,1917,30,1887,58.00
122936,1917,41,1876,58.00
123404,1918,36,1882,58.00
123604,1918,55,1863,58.00
124291,1918,53,1865,58.00
124300,1918,47,1871,58.00
125274,1919,42,1877,58.00
125932,1920,34,1886,58.00
125990,1920,28,1892,58.00
126574,1920,43,1877,58.00
127071,1921,64,1857,58.00
127105,1921,24,1897,58.00
127168,1921,48,1873,58.00
127468,1921,25,1896,58.00
127552,1921,39,1882,58.00
127917,1921,33,1888,58.00
127998,1921,44,1877,58.00
128036,1921,32,1889,58.00
128418,1921,27,1894,58.00
129108,1922,48,1874,58.00
129290,1922,50,1872,58.00
131295,1923,69,1854,58.00
131401,1923,44,1879,58.00
131449,1923,63,1860,58.00
131628,1923,53,1870,58.00
131879,1923,22,1901,58.00
132309,1923,28,1895,58.00
133115,1924,50,1874,58.00
133135,1924,45,1879,58.00
133139,1924,43,1881,58.00
133198,1924,54,1870,58.00
135035,1925,46,1879,58.00
135916,1925,27,1898,58.00
774,1881,33,1848,58.25
1817,1881,44,1837,58.25
3209,1881,33,1848,58.25
3376,1881,43,1838,58.25
3726,1881,38,1843,58.25
6536,1882,29,1853,58.25
9096,1889,18,1871,58.25
10114,1889,25,1864,58.25
11320,1889,20,1869,58.25
11776,1889,38,1851,58.25
13829,1890,25,1865,58.25
13857,1890,42,1848,58.25
13886,1890,44,1846,58.25
15879,1890,39,1851,58.25
17189,1891,42,1849,58.25
17252,1891,43,1848,58.25
17498,1891,36,1855,58.25
17521,1891,27,1864,58.25
17576,1891,42,1849,58.25
17737,1891,35,1856,58.25
18651,1891,51,1840,58.25
18771,1891,38,1853,58.25
20574,1892,33,1859,58.25
21076,1892,34,1858,58.25
21220,1892,48,1844,58.25
21693,1892,38,1854,58.25
22359,1892,52,1840,58.25
23628,1893,62,1831,58.25
24617,1893,47,1846,58.25
28763,1894,70,1824,58.25
28769,1894,26,1868,58.25
29878,1894,40,1854,58.25
31670,1895,35,1860,58.25
32466,1895,48,1847,58.25
32675,1895,51,1844,58.25
35030,1896,20,1876,58.25
35432,1896,43,1853,58.25
36126,1896,53,1843,58.25
36311,1896,42,1854,58.25
36719,1896,25,1871,58.25
36787,1896,29,1867,58.25
37349,1896,29,1867,58.25
39328,1897,41,1856,58.25
39454,1897,78,1819,58.25
40101,1897,19,1878,58.25
40663,1897,45,1852,58.25
42886,1898,32,1866,58.25
43645,1898,55,1843,58.25
43794,1898,31,1867,58.25
44182,1898,40,1858,58.25
45143,1898,34,1864,58.25
46553,1899,29,1870,58.25
46680,1899,36,1863,58.25
47548,1899,35,1864,58.25
47625,1899,17,1882,58.25
48336,1899,56,1843,58.25
48798,1899,48,1851,58.25
50240,1900,28,1872,58.25
50683,1900,24,1876,58.25
51524,1900,20,1880,58.25
51595,1900,46,1854,58.25
51942,1900,37,1863,58.25
52718,1900,22,1878,58.25
52839,1900,40,1860,58.25
55672,1901,42,1859,58.25
55909,1901,24,1877,58.25
57815,1902,25,1877,58.25
58906,1902,26,1876,58.25
59639,1902,38,1864,58.25
63520,1903,63,1840,58.25
64455,1904,23,1881,58.25
66047,1904,42,1862,58.25
66467,1904,30,1874,58.25
66972,1904,30,1874,58.25
70492,1905,21,1884,58.25
71576,1905,43,1862,58.25
71685,1905,43,1862,58.25
71870,1905,42,1863,58.25
72225,1905,63,1842,58.25
74412,1906,43,1863,58.25
79760,1907,46,1861,58.25
83270,1908,37,1871,58.25
83822,1908,26,1882,58.25
84009,1908,65,1843,58.25
85081,1908,76,1832,58.25
86452,1908,41,1867,58.25
86537,1908,22,1886,58.25
87608,1909,45,1864,58.25
90242,1909,26,1883,58.25
92678,1910,23,1887,58.25
93167,1910,24,1886,58.25
112425,1914,46,1868,58.25
122313,1917,66,1851,58.25
122560,1917,53,1864,58.25
122806,1917,39,1878,58.25
124644,1919,44,1875,58.25
125009,1919,61,1858,58.25
125354,1919,37,1882,58.25
127221,1921,33,1888,58.25
127824,1921,63,1858,58.25
131713,1923,39,1884,58.25
53,1881,18,1863,58.50
447,1881,44,1837,58.50
650,1881,26,1855,58.50
710,1881,22,1859,58.50
787,1881,37,1844,58.50
911,1881,27,1854,58.50
1154,1881,38,1843,58.50
1261,1881,18,1863,58.50
1376,1881,31,1850,58.50
1528,1881,36,1845,58.50
1688,1881,20,1861,58.50
1855,1881,45,1836,58.50
1897,1881,31,1850,58.50
2105,1881,55,1826,58.50
2267,1881,47,1834,58.50
2294,1881,38,1843,58.50
2476,1881,67,1814,58.50
2721,1881,26,1855,58.50
2736,1881,33,1848,58.50
2740,1881,17,1864,58.50
2834,1881,40,1841,58.50
3023,1881,28,1853,58.50
3445,1881,19,1862,58.50
3689,1881,24,1857,58.50
3738,1881,60,1821,58.50
4109,1881,23,1858,58.50
4341,1882,36,1846,58.50
4455,1882,51,1831,58.50
4680,1882,41,1841,58.50
4738,1882,25,1857,58.50
4884,1882,24,1858,58.50
4926,1882,25,1857,58.50
4959,1882,18,1864,58.50
4999,1882,46,1836,58.50
5187,1882,37,1845,58.50
6096,1882,50,1832,58.50
6210,1882,49,1833,58.50
6249,1882,23,1859,58.50
6578,1882,23,1859,58.50
6661,1882,17,1865,58.50
7012,1882,47,1835,58.50
7101,1882,42,1840,58.50
7310,1882,28,1854,58.50
7387,1882,34,1848,58.50
7718,1882,18,1864,58.50
7720,1882,66,1816,58.50
7870,1882,35,1847,58.50
7972,1882,41,1841,58.50
8236,1882,31,1851,58.50
8239,1882,47,1835,58.50
8261,1882,52,1830,58.50
8575,1889,66,1823,58.50
8596,1889,49,1840,58.50
8901,1889,33,1856,58.50
9191,1889,41,1848,58.50
9705,1889,34,1855,58.50
9915,1889,44,1845,58.50
10213,1889,64,1825,58.50
10247,1889,16,1873,58.50
10279,1889,18,1871,58.50
10329,1889,45,1844,58.50
10396,1889,30,1859,58.50
10401,1889,35,1854,58.50
10418,1889,35,1854,58.50
10504,1889,46,1843,58.50
10685,1889,27,1862,58.50
10902,1889,59,1830,58.50
11114,1889,51,1838,58.50
11862,1889,64,1825,58.50
12406,1889,53,1836,58.50
12745,1890,28,1862,58.50
12952,1890,44,1846,58.50
12963,1890,26,1864,58.50
12974,1890,26,1864,58.50
13275,1890,32,1858,58.50
13451,1890,40,1850,58.50
13479,1890,43,1847,58.50
13527,1890,17,1873,58.50
13620,1890,32,1858,58.50
14113,1890,43,1847,58.50
14216,1890,20,1870,58.50
14366,1890,34,1856,58.50
14475,1890,20,1870,58.50
14567,1890,18,1872,58.50
14609,1890,67,1823,58.50
14615,1890,46,1844,58.50
14760,1890,25,1865,58.50
14877,1890,54,1836,58.50
14932,1890,27,1863,58.50
15038,1890,40,1850,58.50
15156,1890,35,1855,58.50
15176,1890,22,1868,58.50
15188,1890,51,1839,58.50
15258,1890,39,1851,58.50
15282,1890,40,1850,58.50
15321,1890,24,1866,58.50
15713,1890,45,1845,58.50
15931,1890,39,1851,58.50
16038,1890,20,1870,58.50
16046,1890,11,1879,58.50
16349,1890,38,1852,58.50
16637,1891,32,1859,58.50
16953,1891,47,1844,58.50
17012,1891,18,1873,58.50
17066,1891,27,1864,58.50
17592,1891,46,1845,58.50
17673,1891,42,1849,58.50
17733,1891,35,1856,58.50
18674,1891,22,1869,58.50
18857,1891,43,1848,58.50
18919,1891,22,1869,58.50
18952,1891,45,1846,58.50
19274,1891,20,1871,58.50
19743,1892,24,1868,58.50
19806,1892,19,1873,58.50
19875,1892,27,1865,58.50
20577,1892,64,1828,58.50
20591,1892,31,1861,58.50
20695,1892,61,1831,58.50
21074,1892,34,1858,58.50
21159,1892,18,1874,58.50
21438,1892,43,1849,58.50
21895,1892,42,1850,58.50
21936,1892,43,1849,58.50
21940,1892,40,1852,58.50
21941,1892,39,1853,58.50
22136,1892,44,1848,58.50
22502,1892,28,1864,58.50
22509,1892,32,1860,58.50
22597,1892,24,1868,58.50
22931,1892,40,1852,58.50
23089,1892,56,1836,58.50
23248,1893,49,1844,58.50
23329,1893,27,1866,58.50
24402,1893,37,1856,58.50
24425,1893,50,1843,58.50
24776,1893,51,1842,58.50
25143,1893,45,1848,58.50
25567,1893,41,1852,58.50
25785,1893,24,1869,58.50
26222,1893,34,1859,58.50
26321,1893,45,1848,58.50
26442,1893,22,1871,58.50
26739,1893,26,1867,58.50
26789,1893,61,1832,58.50
26996,1894,31,1863,58.50
27105,1894,34,1860,58.50
27266,1894,34,1860,58.50
27355,1894,40,1854,58.50
27462,1894,20,1874,58.50
27966,1894,33,1861,58.50
28050,1894,25,1869,58.50
28109,1894,30,1864,58.50
29423,1894,25,1869,58.50
29579,1894,42,1852,58.50
29623,1894,43,1851,58.50
29812,1894,31,1863 ,58.50
30710,1894,16,1878,58.50
30783,1894,60,1834,58.50
31012,1895,36,1859,58.50
31236,1895,44,1851,58.50
31348,1895,64,1831,58.50
31459,1895,22,1873,58.50
31527,1895,32,1863,58.50
31732,1895,48,1847,58.50
31840,1895,29,1866,58.50
31990,1895,37,1858,58.50
32470,1895,35,1860,58.50
32790,1895,26,1869,58.50
32830,1895,53,1842,58.50
33495,1895,26,1869,58.50
34003,1895,46,1849,58.50
34092,1895,46,1849,58.50
34963,1896,27,1869,58.50
35172,1896,29,1867,58.50
35204,1896,39,1857,58.50
35671,1896,51,1845,58.50
35831,1896,46,1850,58.50
35981,1896,36,1860,58.50
36104,1896,54,1842,58.50
36245,1896,21,1875,58.50
36246,1896,33,1863,58.50
36317,1896,37,1859,58.50
36425,1896,44,1852,58.50
36903,1896,29,1867,58.50
37210,1896,42,1854,58.50
37394,1896,17,1879,58.50
37456,1896,21,1875,58.50
37910,1896,68,1828,58.50
38093,1896,45,1851,58.50
38095,1896,36,1860,58.50
38155,1896,43,1853,58.50
38206,1896,47,1849,58.50
38672,1896,29,1867,58.50
38862,1897,25,1872,58.50
39194,1897,32,1865,58.50
39496,1897,52,1845,58.50
39588,1897,40,1857,58.50
40661,1897,23,1874,58.50
41960,1897,21,1876,58.50
42080,1897,30,1867,58.50
42138,1897,62,1835,58.50
42887,1898,23,1875,58.50
43542,1898,26,1872,58.50
43791,1898,43,1855,58.50
43919,1898,48,1850,58.50
44101,1898,21,1877,58.50
44103,1898,26,1872,58.50
44293,1898,25,1873,58.50
44294,1898,39,1859,58.50
44385,1898,34,1864,58.50
44785,1898,26,1872,58.50
44790,1898,41,1857,58.50
45399,1898,10,1888,58.50
45692,1898,21,1877,58.50
46256,1899,45,1854,58.50
46763,1899,30,1869,58.50
46983,1899,39,1860,58.50
47010,1899,49,1850,58.50
47074,1899,27,1872,58.50
47276,1899,30,1869,58.50
47808,1899,38,1861,58.50
47815,1899,50,1849,58.50
48265,1899,59,1840,58.50
48518,1899,25,1874,58.50
49023,1899,48,1851,58.50
49251,1899,21,1878,58.50
49624,1899,43,1856,58.50
49741,1899,51,1848,58.50
49959,1899,40,1859,58.50
49961,1899,27,1872,58.50
50086,1900,37,1863,58.50
50159,1900,23,1877,58.50
50241,1900,38,1862,58.50
50364,1900,52,1848,58.50
51070,1900,46,1854,58.50
51172,1900,50,1850,58.50
51394,1900,21,1879,58.50
51520,1900,30,1870,58.50
52073,1900,20,1880,58.50
53055,1900,19,1881,58.50
53978,1901,44,1857,58.50
53984,1901,55,1846,58.50
54222,1901,29,1872,58.50
54225,1901,43,1858,58.50
54230,1901,33,1868,58.50
54417,1901,45,1856,58.50
54623,1901,19,1882,58.50
54961,1901,55,1846,58.50
55016,1901,38,1863,58.50
55020,1901,22,1879,58.50
56124,1901,25,1876,58.50
56332,1901,57,1844,58.50
56803,1901,42,1859,58.50
56933,1901,40,1861,58.50
57119,1902,27,1875,58.50
57205,1902,37,1865,58.50
58071,1902,37,1865,58.50
58188,1902,25,1877,58.50
58319,1902,21,1881,58.50
58614,1902,55,1847,58.50
60224,1902,17,1885,58.50
60725,1903,49,1854,58.50
60858,1903,68,1835,58.50
60925,1903,35,1868,58.50
60985,1903,50,1853,58.50
61181,1903,17,1886,58.50
61560,1903,54,1849,58.50
61641,1903,37,1866,58.50
62065,1903,23,1880,58.50
63058,1903,45,1858,58.50
63155,1908,23,1885,58.50
63207,1903,25,1878,58.50
63209,1908,35,1873,58.50
64459,1904,22,1882,58.50
64781,1903,24,1879,58.50
65344,1904,45,1859,58.50
66030,1904,35,1869,58.50
66081,1904,47,1857,58.50
66691,1904,32,1872,58.50
66813,1904,45,1859,58.50
66845,1904,40,1864,58.50
68405,1904,28,1876,58.50
68479,1904,23,1881,58.50
68509,1905,21,1884,58.50
69219,1905,64,1841,58.50
69419,1905,45,1860,58.50
69580,1905,21,1884,58.50
69676,1905,77,1828,58.50
70293,1905,70,1835,58.50
70581,1905,30,1875,58.50
71214,1905,26,1879,58.50
71298,1905,36,1869,58.50
71899,1905,38,1867,58.50
72920,1905,55,1850,58.50
72993,1906,35,1871,58.50
73107,1906,23,1883,58.50
73526,1906,27,1879,58.50
73647,1906,44,1862,58.50
73788,1906,51,1855,58.50
74598,1906,17,1889,58.50
74680,1906,45,1861,58.50
75379,1906,57,1849,58.50
76003,1906,51,1855,58.50
76673,1906,45,1861,58.50
77496,1907,22,1885,58.50
79054,1907,40,1867,58.50
79128,1907,45,1862,58.50
79251,1907,26,1881,58.50
79612,1907,46,1861,58.50
79893,1907,55,1852,58.50
80196,1907,29,1878,58.50
80197,1907,55,1852,58.50
80302,1907,45,1862,58.50
80800,1907,48,1859,58.50
80813,1907,40,1867,58.50
82016,1907,26,1881,58.50
82071,1907,21,1886,58.50
82742,1908,49,1859,58.50
83330,1908,65,1843,58.50
84209,1908,24,1884,58.50
84885,1908,28,1880,58.50
85420,1908,38,1870,58.50
85628,1908,64,1844,58.50
86257,1908,20,1888,58.50
86475,1908,49,1859,58.50
86562,1908,24,1884,58.50
87048,1909,45,1864,58.50
87175,1909,30,1879,58.50
87553,1909,49,1860,58.50
89228,1909,41,1868,58.50
89264,1909,39,1870,58.50
92799,1910,21,1889,58.50
93649,1910,33,1877,58.50
93715,1910,27,1883,58.50
93961,1910,50,1860,58.50
94026,1910,43,1867,58.50
95195,1910,55,1855,58.50
96853,1910,31,1879,58.50
96934,1910,50,1860,58.50
97423,1910,26,1884,58.50
97921,1911,34,1877,58.50
99524,1911,33,1878,58.50
99612,1911,44,1867,58.50
99904,1911,24,1887,58.50
101656,1911,31,1880,58.50
101745,1911,34,1877,58.50
101857,1911,28,1883,58.50
102023,1911,47,1864,58.50
103233,1912,48,1864,58.50
104443,1912,63,1849,58.50
105729,1912,28,1884,58.50
105798,1912,44,1868,58.50
106084,1912,31,1881,58.50
106502,1912,49,1863,58.50
106628,1912,24,1888,58.50
107815,1912,82,1830,58.50
108558,1913,29,1884,58.50
108882,1913,47,1866,58.50
111757,1913,45,1868,58.50
112364,1913,42,1871,58.50
112597,1914,24,1890,58.50
112731,1914,30,1884,58.50
112845,1914,28,1886,58.50
113571,1914,45,1869,58.50
114403,1914,29,1885,58.50
114764,1914,27,1887,58.50
115182,1914,49,1865,58.50
115612,1914,74,1840,58.50
117182,1915,55,1860,58.50
118037,1915,26,1889,58.50
118238,1915,27,1888,58.50
119088,1915,31,1884,58.50
120299,1916,44,1872,58.50
120751,1916,62,1854,58.50
121214,1916,58,1858,58.50
121227,1916,27,1889,58.50
121733,1917,31,1886,58.50
121734,1917,32,1885,58.50
122482,1917,38,1879,58.50
122514,1917,49,1868,58.50
122893,1917,28,1889,58.50
122986,1917,22,1895,58.50
123222,1918,28,1890,58.50
123272,1918,23,1895,58.50
123539,1918,41,1877,58.50
123808,1918,73,1845,58.50
124514,1919,39,1880,58.50
126079,1920,31,1889,58.50
127238,1920,30,1890,58.50
128546,1921,46,1875,58.50
128581,1921,22,1899,58.50
128862,1922,31,1891,58.50
128940,1922,47,1875,58.50
129270,1922,27,1895,58.50
130717,1923,51,1872,58.50
130730,1923,32,1891,58.50
133215,1924,28,1896,58.50
133418,1924,53,1871,58.50
133497,1924,29,1895,58.50
133656,1924,41,1883,58.50
135969,1925,27,1898,58.50
451,1881,37,1844,58.75
816,1881,31,1850,58.75
2109,1881,30,1851,58.75
2426,1881,32,1849,58.75
2710,1881,38,1843,58.75
4364,1882,42,1840,58.75
4618,1882,38,1844,58.75
5049,1882,52,1830,58.75
5749,1882,35,1847,58.75
5898,1882,36,1846,58.75
6438,1882,18,1864,58.75
6955,1882,24,1858,58.75
8142,1882,53,1829,58.75
8426,1882,50,1832,58.75
9041,1889,18,1871,58.75
9793,1889,31,1858,58.75
10046,1889,32,1857,58.75
10109,1889,31,1858,58.75
10537,1889,39,1850,58.75
10874,1889,20,1869,58.75
11018,1889,58,1831,58.75
11054,1889,65,1824,58.75
11309,1889,41,1848,58.75
11492,1889,30,1859,58.75
11788,1889,43,1846,58.75
12216,1889,70,1819,58.75
13031,1890,39,1851,58.75
13112,1890,35,1855,58.75
13884,1890,49,1841,58.75
14091,1890,44,1846,58.75
14568,1890,39,1851,58.75
14895,1890,35,1855,58.75
15077,1890,22,1868,58.75
15894,1890,47,1843,58.75
16581,1890,31,1859,58.75
16646,1891,22,1869,58.75
16715,1891,46,1845,58.75
17597,1891,29,1862,58.75
18236,1891,67,1824,58.75
20312,1892,23,1869,58.75
20422,1892,45,1847,58.75
21614,1892,78,1814,58.75
21671,1892,48,1844,58.75
23728,1893,35,1858,58.75
24628,1893,32,1861,58.75
24875,1893,19,1874,58.75
25669,1893,68,1825 ,58.75
26805,1893,77,1816,58.75
28595,1894,47,1847,58.75
28689,1894,27,1867,58.75
30011,1894,54,1840,58.75
30695,1894,46,1848,58.75
31336,1895,19,1876,58.75
31390,1895,35,1860,58.75
32413,1895,55,1840,58.75
32474,1895,21,1874,58.75
33421,1895,44,1851,58.75
33932,1895,23,1872,58.75
34051,1895,78,1817,58.75
36096,1896,50,1846,58.75
36181,1896,27,1869,58.75
37096,1896,36,1860,58.75
38589,1896,37,1859,58.75
38957,1897,10,1887,58.75
39292,1897,46,1851,58.75
40265,1897,31,1866,58.75
40365,1897,25,1872,58.75
41173,1897,38,1859,58.75
41829,1897,38,1859,58.75
42962,1898,29,1869,58.75
43650,1898,52,1846,58.75
44571,1898,35,1863,58.75
45017,1898,22,1876,58.75
45587,1898,44,1854,58.75
45690,1898,31,1867,58.75
45753,1898,17,1881,58.75
45886,1898,41,1857,58.75
46119,1898,27,1871,58.75
46316,1899,34,1865,58.75
46421,1899,20,1879,58.75
46482,1899,39,1860,58.75
46602,1899,22,1877,58.75
46682,1899,59,1840,58.75
46761,1899,72,1827,58.75
47977,1899,18,1881,58.75
49626,1899,38,1861,58.75
49895,1899,66,1833,58.75
50033,1900,21,1879,58.75
50856,1900,40,1860,58.75
51074,1900,73,1827,58.75
52722,1900,60,1840,58.75
52838,1900,37,1863,58.75
53983,1901,25,1876,58.75
54339,1901,41,1860,58.75
54672,1901,26,1875,58.75
54807,1901,34,1867,58.75
54918,1901,39,1862,58.75
55332,1901,36,1865,58.75
55722,1901,33,1868,58.75
57115,1902,50,1852,58.75
57688,1902,64,1838,58.75
59421,1902,77,1825,58.75
59747,1902,19,1883,58.75
61556,1903,38,1865,58.75
61557,1903,43,1860,58.75
64241,1903,26,1877,58.75
64730,1904,42,1862,58.75
66019,1904,54,1850,58.75
69507,1905,34,1871,58.75
69648,1905,38,1867,58.75
70434,1905,55,1850,58.75
72357,1905,52,1853,58.75
78033,1907,24,1883,58.75
79252,1907,44,1863,58.75
79766,1907,41,1866,58.75
80344,1907,55,1852,58.75
80999,1907,26,1881,58.75
83707,1908,31,1877,58.75
85300,1908,49,1859,58.75
85425,1908,24,1884,58.75
85558,1908,41,1867,58.75
85916,1908,50,1858,58.75
89392,1909,69,1840,58.75
89600,1909,39,1870,58.75
91259,1909,39,1870,58.75
94331,1910,66,1844,58.75
94501,1910,59,1851,58.75
99831,1911,44,1867,58.75
102114,1911,27,1884,58.75
105619,1912,40,1872,58.75
109011,1913,33,1880,58.75
115670,1914,56,1858,58.75
126709,1920,34,1886,58.75
126852,1920,25,1895,58.75
127435,1921,22,1899,58.75
129291,1922,57,1865,58.75
135055,1925,29,1896,58.75
135336,1925,36,1889,58.75
98,1881,37,1844,59.00
151,1881,21,1860,59.00
289,1881,24,1857,59.00
361,1881,16,1865,59.00
478,1881,22,1859,59.00
544,1881,21,1860,59.00
551,1881,21,1860,59.00
625,1881,48,1833,59.00
699,1881,59,1822,59.00
718,1881,42,1839,59.00
831,1881,24,1857,59.00
963,1881,43,1838,59.00
1095,1881,61,1820,59.00
1130,1881,38,1843,59.00
1168,1881,17,1864,59.00
1192,1881,54,1827,59.00
1262,1881,34,1847,59.00
1320,1881,42,1839,59.00
1361,1881,19,1862,59.00
1416,1881,30,1851,59.00
1568,1881,39,1842,59.00
1570,1881,52,1829,59.00
1572,1881,61,1820,59.00
1687,1881,47,1834,59.00
1936,1881,57,1824,59.00
2021,1881,22,1859,59.00
2063,1881,22,1859,59.00
2191,1881,27,1854,59.00
2325,1881,71,1810,59.00
2654,1881,19,1862,59.00
2670,1881,28,1853,59.00
2833,1881,30,1851,59.00
2961,1881,41,1840,59.00
3130,1881,24,1857,59.00
3255,1881,20,1861,59.00
3283,1881,22,1859,59.00
3450,1881,27,1854,59.00
3697,1881,31,1850,59.00
3736,1881,28,1853,59.00
3761,1881,21,1860,59.00
3815,1881,62,1819,59.00
3848,1881,44,1837,59.00
3873,1881,19,1862,59.00
3894,1881,34,1847,59.00
3898,1881,51,1830,59.00
3945,1881,57,1824,59.00
3959,1881,54,1827,59.00
4080,1881,66,1815,59.00
4157,1881,37,1844,59.00
4208,1882,42,1840,59.00
4320,1882,22,1860,59.00
4489,1882,59,1823,59.00
4785,1882,42,1840,59.00
4866,1882,38,1844,59.00
4915,1882,53,1829,59.00
4954,1882,50,1832,59.00
5034,1882,39,1843,59.00
5165,1882,23,1859,59.00
5225,1882,28,1854,59.00
5293,1882,35,1847,59.00
5386,1882,28,1854,59.00
5627,1882,42,1840,59.00
5813,1882,41,1841,59.00
5854,1882,21,1861,59.00
5864,1882,53,1829,59.00
5888,1882,30,1852,59.00
5901,1882,29,1853,59.00
6102,1882,44,1838,59.00
6109,1882,26,1856,59.00
6172,1882,36,1846 ,59.00
6185,1882,42,1840,59.00
6320,1882,27,1855,59.00
6436,1882,32,1850,59.00
6635,1882,18,1864,59.00
6685,1882,18,1864,59.00
6902,1882,47,1835,59.00
6905,1882,28,1854,59.00
6925,1882,22,1860,59.00
6967,1882,23,1859,59.00
7119,1882,30,1852,59.00
7274,1882,47,1835,59.00
7557,1882,61,1821,59.00
7564,1882,21,1861,59.00
7594,1882,30,1852,59.00
7609,1882,57,1825,59.00
7617,1882,15,1867,59.00
7649,1882,18,1864,59.00
7698,1882,20,1862,59.00
7839,1882,46,1836,59.00
7858,1882,48,1834,59.00
7902,1882,16,1866,59.00
7910,1882,28,1854,59.00
7973,1882,30,1852,59.00
8253,1882,20,1862,59.00
8305,1882,20,1862,59.00
8317,1882,28,1854,59.00
8401,1882,21,1861,59.00
8447,1882,15,1867,59.00
8517,1882,28,1854,59.00
8559,1889,23,1866,59.00
8631,1889,46,1843,59.00
8651,1889,37,1852,59.00
8708,1889,36,1853,59.00
8820,1889,23,1866,59.00
8910,1889,40,1849,59.00
8964,1889,62,1827,59.00
8987,1889,42,1847,59.00
9043,1889,22,1867,59.00
9106,1889,20,1869,59.00
9241,1889,34,1855,59.00
9268,1889,33,1856,59.00
9294,1889,39,1850,59.00
9396,1889,26,1863,59.00
9469,1889,53,1836,59.00
9582,1889,20,1869,59.00
9723,1889,39,1850,59.00
9860,1889,33,1856,59.00
10070,1889,23,1866,59.00
10110,1889,49,1840,59.00
10186,1889,34,1855,59.00
10202,1889,54,1835,59.00
10338,1889,23,1866,59.00
10448,1889,25,1864,59.00
10452,1889,25,1864,59.00
10502,1889,37,1852,59.00
10602,1889,33,1856,59.00
10795,1889,34,1855,59.00
11484,1889,34,1855,59.00
11512,1889,47,1842,59.00
11528,1889,34,1855,59.00
11625,1889,33,1856,59.00
11719,1889,20,1869,59.00
11780,1889,19,1870,59.00
11910,1889,23,1866,59.00
11985,1889,20,1869,59.00
12220,1889,32,1857,59.00
12283,1889,19,1870,59.00
12336,1889,53,1836,59.00
12362,1889,30,1859,59.00
12415,1889,26,1863,59.00
12439,1889,46,1843,59.00
12522,1889,22,1867,59.00
12556,1890,68,1822,59.00
12582,1890,52,1838,59.00
12816,1890,29,1861,59.00
12846,1890,22,1868,59.00
13126,1890,39,1851,59.00
13238,1890,52,1838,59.00
13344,1890,25,1865,59.00
13387,1890,18,1872,59.00
13504,1890,38,1852,59.00
13556,1890,22,1868,59.00
13602,1890,23,1867,59.00
13691,1890,40,1850,59.00
13699,1890,32,1858,59.00
13725,1890,40,1850,59.00
13741,1890,62,1828,59.00
13856,1890,36,1854,59.00
13911,1890,26,1864,59.00
13987,1890,28,1862,59.00
13990,1890,49,1841,59.00
14110,1890,31,1859,59.00
14208,1890,27,1863,59.00
14329,1890,45,1845,59.00
14362,1890,36,1854,59.00
14376,1890,53,1837,59.00
14519,1890,69,1821,59.00
14520,1890,41,1849,59.00
14585,1890,37,1853,59.00
14618,1890,27,1863,59.00
14792,1890,19,1871,59.00
14835,1890,72,1818,59.00
14889,1890,39,1851,59.00
14910,1890,24,1866,59.00
14984,1890,72,1818,59.00
15166,1890,26,1864,59.00
15403,1890,18,1872,59.00
15433,1890,35,1855,59.00
15585,1890,37,1853,59.00
15588,1890,26,1864,59.00
15672,1890,37,1853,59.00
15694,1890,19,1871,59.00
15753,1890,68,1822,59.00
16226,1890,48,1842,59.00
16403,1890,18,1872,59.00
16511,1890,28,1862,59.00
16518,1890,46,1844,59.00
16717,1891,29,1862,59.00
17033,1891,36,1855,59.00
17097,1891,23,1868,59.00
17146,1891,39,1852,59.00
17168,1891,63,1828,59.00
17343,1891,19,1872,59.00
17407,1891,46,1845,59.00
17841,1891,51,1840,59.00
17979,1891,31,1860,59.00
18161,1891,48,1843,59.00
18190,1891,20,1871,59.00
18295,1891,33,1858,59.00
18338,1891,41,1850,59.00
18511,1891,36,1855,59.00
18549,1891,29,1862,59.00
18577,1891,39,1852,59.00
18604,1891,38,1853,59.00
18615,1891,43,1848,59.00
18645,1891,25,1866,59.00
18772,1891,26,1865,59.00
18896,1891,38,1853,59.00
18938,1891,25,1866,59.00
19001,1891,62,1829,59.00
19003,1891,21,1870,59.00
19085,1891,30,1861,59.00
19450,1891,57,1834,59.00
19475,1892,70,1822,59.00
19495,1892,50,1842,59.00
19616,1892,40,1852,59.00
19705,1892,39,1853,59.00
19876,1892,34,1858,59.00
19977,1892,32,1860,59.00
19989,1892,24,1868,59.00
19994,1892,30,1862,59.00
20120,1892,32,1860,59.00
20209,1892,27,1865,59.00
20413,1892,28,1864,59.00
20513,1892,40,1852,59.00
20568,1892,30,1862,59.00
20611,1892,21,1871,59.00
20701,1892,49,1843,59.00
20804,1892,50,1842,59.00
20854,1892,44,1848,59.00
20873,1892,40,1852,59.00
20899,1892,29,1863,59.00
20978,1892,32,1860,59.00
21128,1892,26,1866,59.00
21282,1892,53,1839,59.00
21283,1892,42,1850,59.00
21528,1892,39,1853,59.00
21836,1892,46,1846,59.00
21855,1892,49,1843,59.00
21982,1892,41,1851,59.00
22026,1892,20,1872,59.00
22101,1892,22,1870,59.00
22132,1892,47,1845,59.00
22155,1892,31,1861,59.00
22189,1892,40,1852,59.00
22258,1892,43,1849,59.00
22283,1892,37,1855,59.00
22302,1892,20,1872,59.00
22468,1892,52,1840,59.00
22508,1892,18,1874,59.00
22965,1892,25,1867,59.00
23090,1892,39,1853,59.00
23111,1892,38,1854 ,59.00
23236,1893,18,1875,59.00
23279,1893,40,1853,59.00
23375,1893,64,1829,59.00
23446,1893,24,1869,59.00
23463,1893,30,1863,59.00
23471,1913,81,1832,59.00
23725,1893,32,1861,59.00
23748,1893,31,1862,59.00
23784,1893,48,1845,59.00
23841,1893,53,1840,59.00
23878,1893,55,1838,59.00
23992,1893,32,1861,59.00
24020,1893,53,1840,59.00
24270,1893,40,1853 ,59.00
24289,1893,30,1863,59.00
24558,1893,24,1869,59.00
24595,1893,67,1826,59.00
24599,1893,18,1875,59.00
24610,1893,39,1854,59.00
24638,1893,65,1828,59.00
24683,1893,34,1859,59.00
24809,1893,48,1845,59.00
24866,1893,60,1833,59.00
25318,1893,23,1870,59.00
25580,1893,53,1840,59.00
25621,1893,28,1865,59.00
25715,1893,45,1848,59.00
25830,1893,40,1853,59.00
26077,1893,21,1872,59.00
26161,1893,44,1849,59.00
26283,1893,33,1860,59.00
26635,1893,63,1830,59.00
26786,1893,73,1820,59.00
26814,1893,41,1852,59.00
26842,1893,22,1871,59.00
26844,1893,26,1867,59.00
26862,1893,30,1863,59.00
26877,1893,15,1878,59.00
27060,1894,21,1873,59.00
27135,1894,41,1853,59.00
27261,1894,30,1864,59.00
27424,1894,41,1853,59.00
27493,1894,43,1851  ,59.00
27558,1894,58,1836,59.00
27696,1894,34,1860,59.00
27697,1894,36,1858,59.00
28024,1894,32,1862,59.00
28097,1894,43,1851,59.00
28131,1894,36,1858,59.00
28177,1894,25,1869,59.00
28355,1894,66,1828,59.00
28654,1894,37,1857,59.00
28667,1894,40,1854,59.00
28843,1894,40,1854,59.00
28950,1894,48,1846,59.00
29097,1894,34,1860,59.00
29153,1894,60,1834,59.00
29162,1894,50,1844,59.00
29170,1894,26,1868,59.00
29402,1894,26,1868,59.00
29519,1894,34,1860,59.00
29898,1894,31,1863,59.00
29914,1894,34,1860,59.00
30129,1894,20,1874,59.00
30223,1894,35,1859,59.00
30262,1894,26,1868,59.00
30524,1894,54,1840,59.00
30898,1895,20,1875,59.00
31298,1895,52,1843,59.00
31319,1895,35,1860,59.00
31610,1895,35,1860,59.00
32034,1895,39,1856,59.00
32038,1895,44,1851,59.00
32409,1895,37,1858,59.00
32546,1895,30,1865,59.00
32579,1895,20,1875,59.00
32800,1895,34,1861,59.00
32822,1895,27,1868,59.00
33003,1895,34,1861,59.00
33079,1895,33,1862,59.00
33111,1895,34,1861,59.00
33238,1895,43,1852,59.00
33425,1895,51,1844,59.00
33621,1895,55,1840,59.00
33705,1895,30,1865,59.00
33711,1895,17,1878,59.00
33891,1895,22,1873,59.00
33919,1895,18,1877,59.00
34263,1895,28,1867,59.00
34311,1895,28,1867,59.00
34394,1895,65,1830 ,59.00
34602,1895,28,1867,59.00
34611,1895,36,1859,59.00
34681,1895,52,1843,59.00
34917,1896,41,1855,59.00
34947,1896,25,1871,59.00
35027,1896,44,1852,59.00
35143,1896,22,1874,59.00
35162,1896,45,1851,59.00
35202,1896,8,1888,59.00
35268,1896,37,1859,59.00
35502,1896,24,1872,59.00
35672,1896,58,1838,59.00
35762,1896,44,1852,59.00
35828,1896,33,1863,59.00
35833,1896,33,1863,59.00
35961,1896,39,1857,59.00
35966,1896,39,1857,59.00
35967,1896,33,1863,59.00
36103,1896,46,1850,59.00
36125,1896,36,1860,59.00
36179,1896,64,1832,59.00
36182,1896,56,1840,59.00
36268,1896,19,1877,59.00
36627,1896,68,1828,59.00
37035,1896,52,1844,59.00
37352,1896,24,1872,59.00
37628,1896,19,1877,59.00
37630,1896,30,1866,59.00
38154,1896,35,1861,59.00
38354,1896,46,1850,59.00
38657,1896,50,1846,59.00
38713,1896,56,1840,59.00
38718,1896,27,1869,59.00
38751,1897,53,1844,59.00
38864,1897,46,1851,59.00
39145,1897,48,1849,59.00
39330,1897,26,1871,59.00
39418,1897,26,1871,59.00
39591,1897,24,1873,59.00
39595,1897,18,1879,59.00
39792,1897,60,1837,59.00
40056,1897,46,1851,59.00
40538,1897,26,1871,59.00
40542,1897,30,1867,59.00
40575,1897,61,1836,59.00
40768,1897,47,1850,59.00
41044,1897,62,1835,59.00
41130,1897,61,1836,59.00
41235,1897,45,1852,59.00
41258,1897,46,1851,59.00
41502,1897,56,1841,59.00
41584,1897,17,1880,59.00
41603,1897,47,1850,59.00
41766,1897,22,1875,59.00
41897,1897,47,1850,59.00
42237,1897,40,1857,59.00
42498,1898,34,1864,59.00
42502,1898,40,1858,59.00
42604,1898,46,1852,59.00
42762,1898,22,1876,59.00
42980,1898,58,1840,59.00
43327,1898,11,1887,59.00
43352,1898,35,1863,59.00
43415,1898,31,1867,59.00
43437,1898,54,1844,59.00
43646,1898,46,1852,59.00
43647,1898,50,1848,59.00
43648,1898,37,1861,59.00
43738,1898,26,1872,59.00
44038,1898,41,1857,59.00
44041,1898,33,1865,59.00
44134,1898,41,1857,59.00
44150,1898,42,1856,59.00
44324,1898,58,1840,59.00
44500,1898,57,1841,59.00
44657,1898,29,1869,59.00
44714,1898,24,1874,59.00
44956,1898,28,1870,59.00
45818,1898,28,1870,59.00
46065,1898,65,1833,59.00
46074,1898,46,1852,59.00
46122,1898,20,1878,59.00
46143,1899,47,1852,59.00
46678,1899,31,1868,59.00
46681,1899,25,1874,59.00
46764,1899,32,1867,59.00
46855,1899,52,1847,59.00
46996,1899,34,1865,59.00
47073,1899,40,1859,59.00
47075,1899,22,1877,59.00
47376,1899,62,1837,59.00
47806,1899,37,1862,59.00
48272,1899,61,1838,59.00
48754,1899,52,1847,59.00
48808,1899,27,1872,59.00
49804,1899,48,1851,59.00
49809,1899,26,1873,59.00
50113,1900,25,1875,59.00
50238,1900,53,1847,59.00
50361,1900,40,1860,59.00
50428,1900,28,1872,59.00
50445,1900,41,1859,59.00
50539,1900,54,1846,59.00
50616,1900,39,1861,59.00
51170,1900,50,1850,59.00
51171,1900,19,1881,59.00
51224,1900,62,1838,59.00
51882,1900,42,1858,59.00
52203,1900,44,1856,59.00
52210,1900,37,1863,59.00
52448,1900,48,1852,59.00
52563,1900,50,1850,59.00
52920,1900,34,1866,59.00
52939,1900,31,1869,59.00
53056,1900,60,1840,59.00
53064,1900,28,1872,59.00
53195,1900,46,1854,59.00
53218,1900,36,1864,59.00
53418,1900,28,1872,59.00
53705,1901,26,1875,59.00
53980,1901,20,1881,59.00
54573,1901,17,1884,59.00
54576,1901,19,1882,59.00
54830,1901,49,1852,59.00
54911,1901,30,1871,59.00
55324,1901,25,1876,59.00
55345,1901,22,1879,59.00
55940,1901,66,1835,59.00
56007,1901,36,1865,59.00
56600,1901,38,1863,59.00
56744,1901,27,1874,59.00
57037,1902,49,1853,59.00
57417,1902,48,1854,59.00
57690,1902,30,1872,59.00
57995,1902,63,1839,59.00
58552,1902,55,1847,59.00
58716,1902,41,1861,59.00
59796,1902,22,1880,59.00
59898,1902,64,1838,59.00
60013,1902,23,1879,59.00
60152,1902,34,1868,59.00
60202,1902,54,1848,59.00
60282,1902,39,1863,59.00
60785,1902,40,1862,59.00
61282,1903,36,1867,59.00
61387,1903,46,1857,59.00
61603,1903,27,1876,59.00
61934,1903,22,1881,59.00
62024,1908,35,1873,59.00
62175,1903,27,1876,59.00
62596,1903,34,1869,59.00
62846,1903,22,1881,59.00
62849,1903,38,1865,59.00
62999,1903,17,1886,59.00
63121,1903,37,1866,59.00
63371,1903,23,1880,59.00
63402,1903,43,1860,59.00
64074,1903,65,1838,59.00
64514,1904,48,1856,59.00
64731,1904,42,1862,59.00
65702,1904,43,1861,59.00
66129,1904,52,1852,59.00
66177,1904,36,1868,59.00
66775,1904,33,1871,59.00
67351,1904,33,1871,59.00
67541,1904,52,1852,59.00
67542,1904,19,1885,59.00
67572,1904,38,1866,59.00
67728,1904,67,1837,59.00
67792,1904,37,1867,59.00
68234,1904,28,1876,59.00
68346,1904,30,1874,59.00
68484,1904,53,1851,59.00
68485,1904,45,1859,59.00
68508,1904,33,1871,59.00
68530,1905,36,1869,59.00
68688,1905,28,1877,59.00
68985,1905,28,1877,59.00
69123,1905,65,1840,59.00
69217,1905,22,1883,59.00
69700,1905,52,1853,59.00
69956,1905,37,1868,59.00
69982,1905,20,1885,59.00
70220,1905,52,1853,59.00
70273,1905,36,1869,59.00
70718,1905,65,1840,59.00
70825,1905,30,1875,59.00
70828,1905,27,1878,59.00
71014,1905,52,1853,59.00
71213,1905,41,1864,59.00
71413,1905,19,1886,59.00
71574,1905,40,1865,59.00
72130,1905,58,1847,59.00
72376,1905,29,1876,59.00
72819,1905,48,1857,59.00
72933,1905,66,1839,59.00
73023,1906,66,1840,59.00
73331,1906,42,1864,59.00
73822,1906,37,1869,59.00
74235,1906,23,1883,59.00
74642,1906,28,1878,59.00
74695,1906,63,1843,59.00
75474,1906,46,1860,59.00
75938,1906,23,1883,59.00
76090,1906,36,1870,59.00
76151,1906,50,1856,59.00
76409,1906,23,1883,59.00
76919,1906,25,1881,59.00
77034,1906,52,1854,59.00
77268,1906,38,1868,59.00
77599,1907,34,1873,59.00
77795,1907,27,1880,59.00
78032,1907,30,1877,59.00
78317,1907,53,1854,59.00
78361,1907,70,1837,59.00
78474,1907,70,1837,59.00
78505,1907,49,1858,59.00
79021,1907,53,1854,59.00
79763,1907,23,1884,59.00
80009,1907,87,1820,59.00
80272,1907,23,1884,59.00
80898,1907,19,1888,59.00
81095,1907,62,1845,59.00
81821,1907,52,1855,59.00
82035,1907,46,1861,59.00
82820,1908,24,1884,59.00
82822,1908,45,1863,59.00
82854,1908,54,1854,59.00
83001,1908,23,1885,59.00
83269,1908,30,1878,59.00
83358,1908,45,1863,59.00
83946,1908,42,1866,59.00
84007,1908,24,1884,59.00
84587,1908,36,1872,59.00
84886,1908,23,1885,59.00
85199,1908,25,1883,59.00
85975,1908,37,1871,59.00
85991,1908,42,1866,59.00
86255,1908,47,1861,59.00
86259,1908,28,1880,59.00
86539,1908,21,1887,59.00
86768,1908,57,1851,59.00
87177,1909,27,1882,59.00
87253,1909,43,1866,59.00
87410,1909,45,1864,59.00
87682,1909,26,1883,59.00
88230,1909,44,1865,59.00
88371,1909,36,1873,59.00
88633,1909,90,1819,59.00
89507,1909,24,1885,59.00
89673,1909,45,1864,59.00
90189,1909,33,1876,59.00
90383,1909,53,1856,59.00
90384,1909,58,1851,59.00
90770,1909,53,1856,59.00
90939,1909,22,1887,59.00
91044,1909,44,1865,59.00
91258,1909,29,1880,59.00
91283,1909,52,1857,59.00
91286,1909,50,1859,59.00
91374,1909,45,1864,59.00
91689,1909,54,1855,59.00
92800,1910,27,1883,59.00
93334,1910,33,1877,59.00
93498,1910,40,1870,59.00
93650,1910,41,1869,59.00
94582,1910,36,1874,59.00
95041,1910,29,1881,59.00
95044,1910,38,1872,59.00
96136,1910,40,1870,59.00
96137,1910,23,1887,59.00
96202,1910,46,1864,59.00
96248,1910,33,1877,59.00
96674,1910,34,1876,59.00
96764,1910,32,1878,59.00
96792,1910,90,1820,59.00
97222,1910,49,1861,59.00
97772,1911,63,1848,59.00
97846,1910,21,1889,59.00
98108,1911,56,1855,59.00
98471,1911,33,1878,59.00
98524,1911,44,1867,59.00
98951,1911,23,1888,59.00
99527,1911,50,1861,59.00
99830,1911,30,1881,59.00
100242,1911,25,1886,59.00
100472,1911,45,1866,59.00
101684,1911,38,1873,59.00
102062,1911,59,1852,59.00
103439,1912,30,1882,59.00
103674,1912,42,1870,59.00
104054,1912,25,1887,59.00
104057,1912,46,1866,59.00
104611,1912,41,1871,59.00
104656,1912,48,1864,59.00
105106,1912,61,1851,59.00
105192,1912,22,1890,59.00
105449,1912,25,1887,59.00
105940,1912,49,1863,59.00
106297,1912,42,1870,59.00
107271,1912,55,1857,59.00
107425,1912,34,1878,59.00
107667,1912,56,1856,59.00
107737,1912,34,1878,59.00
107890,1912,24,1888,59.00
108294,1913,40,1873,59.00
108364,1913,33,1880,59.00
108885,1913,50,1863,59.00
109308,1913,62,1851,59.00
109342,1913,40,1873,59.00
109867,1913,29,1884,59.00
110106,1913,41,1872,59.00
110351,1913,57,1856,59.00
110387,1913,52,1861,59.00
110877,1913,33,1880,59.00
111015,1913,46,1867,59.00
111137,1913,71,1842,59.00
111140,1913,21,1892,59.00
111196,1913,25,1888,59.00
113215,1914,31,1883,59.00
113394,1914,29,1885,59.00
113572,1914,41,1873,59.00
114143,1914,53,1861,59.00
114153,1914,27,1887,59.00
114422,1914,30,1884,59.00
115453,1914,59,1855,59.00
116059,1914,37,1877,59.00
116191,1914,41,1873,59.00
116651,1915,28,1887,59.00
116883,1915,37,1878,59.00
117565,1915,41,1874,59.00
117614,1915,58,1857,59.00
118223,1915,28,1887,59.00
118540,1915,29,1886,59.00
119312,1915,47,1868,59.00
119943,1916,31,1885,59.00
120127,1916,49,1867,59.00
120211,1916,30,1886,59.00
120301,1916,46,1870,59.00
121109,1916,32,1884,59.00
121305,1916,52,1864,59.00
121995,1917,27,1890,59.00
122211,1917,24,1893,59.00
122343,1917,78,1839,59.00
122416,1917,51,1866,59.00
122458,1917,46,1871,59.00
122684,1917,24,1893,59.00
122709,1917,27,1890,59.00
122809,1917,52,1865,59.00
122810,1917,41,1876,59.00
123020,1917,22,1895,59.00
123248,1918,38,1880,59.00
123384,1918,46,1872,59.00
123738,1918,36,1882,59.00
124028,1918,56,1862,59.00
124312,1918,48,1870,59.00
124619,1919,55,1864,59.00
124817,1919,39,1880,59.00
125092,1919,24,1895,59.00
125123,1919,29,1890,59.00
125175,1919,23,1896,59.00
125411,1919,36,1883,59.00
125417,1919,39,1880,59.00
125443,1919,35,1884,59.00
125507,1920,45,1875,59.00
125510,1920,40,1880,59.00
125551,1920,42,1878,59.00
125931,1920,49,1871,59.00
126171,1920,21,1899,59.00
126184,1920,66,1854,59.00
126313,1920,40,1880,59.00
126406,1920,33,1887,59.00
126710,1920,29,1891,59.00
126745,1920,38,1882,59.00
126797,1920,49,1871,59.00
126950,1920,65,1855,59.00
127194,1921,26,1895,59.00
127525,1921,29,1892,59.00
127553,1921,31,1890,59.00
128035,1921,39,1882,59.00
128442,1921,30,1891,59.00
128678,1921,44,1877,59.00
128939,1922,29,1893,59.00
128983,1922,42,1880,59.00
129134,1922,50,1872,59.00
129202,1922,61,1861,59.00
129246,1922,65,1857,59.00
129580,1922,29,1893,59.00
129707,1922,41,1881,59.00
129816,1922,68,1854,59.00
130051,1922,27,1895,59.00
130421,1922,30,1892,59.00
130939,1923,39,1884,59.00
131523,1923,51,1872,59.00
131547,1923,37,1886,59.00
131694,1923,46,1877,59.00
131938,1923,23,1900,59.00
132248,1923,69,1854,59.00
132533,1923,26,1897,59.00
132648,1924,33,1891,59.00
134222,1924,32,1892,59.00
134275,1924,23,1901,59.00
134367,1925,43,1882,59.00
134398,1925,42,1883,59.00
134495,1925,24,1901,59.00
134953,1925,29,1896,59.00
135377,1925,35,1890,59.00
135887,1925,31,1894,59.00
135994,1925,22,1903,59.00
493,1881,18,1863,59.25
1203,1881,40,1841,59.25
2232,1881,46,1835,59.25
2274,1881,54,1827,59.25
2720,1881,56,1825,59.25
2742,1881,20,1861,59.25
2878,1881,29,1852,59.25
3554,1881,60,1821,59.25
3586,1881,47,1834,59.25
3610,1881,40,1841,59.25
4600,1882,52,1830,59.25
4601,1882,25,1857,59.25
5017,1882,54,1828,59.25
5046,1882,21,1861,59.25
5132,1882,54,1828,59.25
5207,1882,20,1862,59.25
5357,1882,32,1850,59.25
5775,1882,24,1858,59.25
6248,1882,39,1843,59.25
8947,1889,25,1864,59.25
9839,1889,26,1863,59.25
10061,1889,22,1867,59.25
11142,1889,38,1851,59.25
11545,1889,22,1867,59.25
12106,1889,22,1867,59.25
12202,1889,19,1870,59.25
12274,1889,34,1855,59.25
12834,1890,45,1845,59.25
14101,1890,45,1845,59.25
15257,1890,43,1847,59.25
15573,1890,18,1872,59.25
15773,1890,23,1867,59.25
15877,1890,34,1856,59.25
16350,1890,41,1849,59.25
16357,1890,39,1851,59.25
16550,1890,63,1827,59.25
16918,1891,16,1875,59.25
17209,1891,24,1867,59.25
17946,1891,24,1867,59.25
18237,1891,31,1860,59.25
18290,1891,40,1851,59.25
18520,1891,20,1871,59.25
19110,1891,21,1870,59.25
19412,1891,43,1848,59.25
19698,1892,23,1869,59.25
19842,1892,26,1866,59.25
19966,1892,30,1862,59.25
20478,1892,21,1871,59.25
20505,1892,40,1852,59.25
21359,1892,36,1856 ,59.25
22615,1892,44,1848 ,59.25
24008,1893,47,1846,59.25
25351,1893,22,1871,59.25
26026,1893,35,1858,59.25
26876,1893,25,1868,59.25
29115,1894,45,1849,59.25
30861,1894,27,1867,59.25
31409,1895,32,1863,59.25
31980,1895,43,1852,59.25
32325,1895,49,1846,59.25
32515,1895,35,1860,59.25
33941,1895,59,1836,59.25
34461,1895,28,1867,59.25
34919,1896,63,1833,59.25
35205,1896,32,1864,59.25
36597,1896,31,1865,59.25
36658,1896,35,1861,59.25
37654,1896,66,1830,59.25
37906,1896,39,1857,59.25
39733,1897,27,1870,59.25
40309,1897,27,1870,59.25
40369,1897,30,1867,59.25
40659,1897,60,1837,59.25
40664,1897,54,1843,59.25
40817,1897,61,1836,59.25
41133,1897,61,1836,59.25
41477,1897,45,1852,59.25
41762,1897,9,1888,59.25
41900,1897,25,1872,59.25
42508,1898,39,1859,59.25
43923,1898,19,1879,59.25
45392,1898,39,1859,59.25
46012,1898,29,1869,59.25
47380,1899,38,1861,59.25
47738,1899,19,1880,59.25
48040,1899,33,1866,59.25
48397,1899,42,1857,59.25
48799,1899,40,1859,59.25
48885,1899,48,1851,59.25
49177,1899,60,1839,59.25
50085,1900,47,1853,59.25
50613,1900,44,1856,59.25
51521,1900,63,1837,59.25
51785,1900,40,1860,59.25
52184,1900,64,1836,59.25
52497,1900,41,1859,59.25
52841,1900,31,1869,59.25
52922,1900,67,1833,59.25
53196,1900,39,1861,59.25
53197,1900,37,1863,59.25
53539,1901,39,1862,59.25
53706,1901,33,1868,59.25
53785,1901,33,1868,59.25
53813,1901,33,1868,59.25
54067,1901,44,1857,59.25
54220,1901,35,1866,59.25
54221,1901,30,1871,59.25
55327,1901,47,1854,59.25
55667,1901,56,1845,59.25
57728,1902,36,1866,59.25
58189,1902,34,1868,59.25
59196,1902,62,1840,59.25
60857,1903,28,1875,59.25
61326,1903,39,1864,59.25
61328,1903,34,1869,59.25
63852,1903,43,1860,59.25
70543,1905,22,1883,59.25
71062,1905,42,1863,59.25
73905,1906,29,1877,59.25
77493,1907,43,1864,59.25
77687,1907,45,1862,59.25
78158,1907,29,1878,59.25
79697,1907,52,1855,59.25
85198,1908,30,1878,59.25
86833,1908,46,1862,59.25
89426,1909,35,1874,59.25
95613,1910,57,1853,59.25
95831,1910,46,1864,59.25
99717,1911,19,1892,59.25
106630,1912,44,1868,59.25
108471,1913,41,1872,59.25
115671,1914,50,1864,59.25
117039,1915,58,1857,59.25
120803,1916,43,1873,59.25
121286,1916,28,1888,59.25
121483,1916,40,1876,59.25
123487,1918,25,1893,59.25
123915,1918,42,1876,59.25
124309,1918,25,1893,59.25
124428,1919,29,1890,59.25
127142,1921,36,1885,59.25
128432,1921,33,1888,59.25
129062,1922,24,1898,59.25
129711,1922,26,1896,59.25
232,1881,44,1837,59.50
242,1881,47,1834,59.50
397,1881,25,1856,59.50
404,1881,37,1844,59.50
413,1881,36,1845,59.50
508,1881,31,1850,59.50
547,1881,17,1864,59.50
655,1881,61,1820,59.50
837,1881,20,1861,59.50
892,1881,52,1829,59.50
1113,1881,35,1846,59.50
1148,1881,25,1856,59.50
1159,1881,53,1828,59.50
1172,1881,51,1830,59.50
1181,1881,42,1839 ,59.50
1201,1881,19,1862,59.50
1284,1881,59,1822,59.50
1336,1881,28,1853,59.50
1493,1881,24,1857,59.50
1583,1881,60,1821,59.50
1668,1881,25,1856,59.50
1737,1881,35,1846,59.50
1918,1881,25,1856,59.50
2068,1881,28,1853,59.50
2373,1881,19,1862,59.50
2379,1881,22,1859,59.50
2492,1881,19,1862,59.50
2550,1881,21,1860,59.50
2653,1881,24,1857,59.50
2718,1881,34,1847,59.50
3016,1881,21,1860,59.50
3210,1881,24,1857,59.50
3218,1881,20,1861,59.50
3548,1881,41,1840,59.50
3597,1881,51,1830,59.50
3609,1881,35,1846,59.50
3748,1881,19,1862,59.50
3807,1881,18,1863,59.50
3834,1881,18,1863,59.50
3925,1881,25,1856,59.50
3930,1881,69,1812,59.50
3938,1881,46,1835,59.50
3946,1881,24,1857,59.50
3967,1881,53,1828,59.50
4031,1881,37,1844,59.50
4058,1881,53,1828,59.50
4234,1882,25,1857,59.50
4454,1882,40,1842,59.50
4494,1882,17,1865,59.50
4590,1882,51,1831,59.50
4599,1882,40,1842,59.50
4853,1882,30,1852,59.50
4883,1882,32,1850,59.50
4931,1882,41,1841,59.50
5064,1882,25,1857,59.50
5270,1882,26,1856,59.50
5363,1882,35,1847,59.50
5410,1882,41,1841,59.50
5438,1882,42,1840,59.50
5456,1882,32,1850,59.50
5458,1882,22,1860,59.50
5548,1882,29,1853,59.50
5639,1882,50,1832,59.50
5650,1882,51,1831,59.50
5911,1882,23,1859,59.50
6211,1882,67,1815,59.50
6433,1882,35,1847,59.50
6579,1882,56,1826,59.50
6680,1882,27,1855,59.50
6686,1882,47,1835,59.50
6815,1882,45,1837,59.50
6910,1882,26,1856,59.50
6957,1882,41,1841,59.50
6964,1882,39,1843,59.50
6978,1882,20,1862,59.50
7068,1882,31,1851,59.50
7151,1882,24,1858,59.50
7153,1882,33,1849,59.50
7521,1882,36,1846,59.50
7539,1882,21,1861,59.50
7630,1882,46,1836,59.50
7652,1882,42,1840,59.50
7903,1882,52,1830,59.50
7983,1882,37,1845,59.50
8244,1882,38,1844,59.50
8328,1882,42,1840,59.50
8470,1882,47,1835,59.50
8564,1889,45,1844,59.50
8617,1889,70,1819,59.50
8618,1889,52,1837,59.50
8636,1889,48,1841,59.50
8743,1889,31,1858,59.50
8760,1889,48,1841,59.50
8878,1889,77,1812,59.50
9228,1889,41,1848,59.50
9583,1889,51,1838,59.50
9652,1889,48,1841,59.50
9696,1889,25,1864,59.50
9768,1889,63,1826,59.50
10119,1889,32,1857,59.50
10170,1889,34,1855,59.50
10344,1889,19,1870,59.50
10354,1889,45,1844,59.50
10573,1889,40,1849,59.50
10757,1889,51,1838,59.50
10904,1889,38,1851,59.50
11119,1889,41,1848,59.50
11203,1889,31,1858,59.50
11501,1889,23,1866,59.50
11786,1889,27,1862,59.50
11827,1889,34,1855,59.50
11961,1889,61,1828,59.50
12270,1889,42,1847,59.50
12438,1889,49,1840,59.50
12510,1889,35,1854,59.50
12645,1890,16,1874,59.50
12881,1890,56,1834,59.50
12923,1890,30,1860,59.50
12931,1890,31,1859,59.50
13059,1890,38,1852,59.50
13315,1890,63,1827,59.50
13321,1890,43,1847,59.50
13335,1890,37,1853,59.50
13580,1890,22,1868,59.50
13659,1890,45,1845,59.50
14347,1890,42,1848,59.50
14369,1890,51,1839,59.50
14541,1890,39,1851,59.50
15243,1890,31,1859,59.50
15274,1890,35,1855,59.50
15351,1890,24,1866,59.50
15443,1890,37,1853,59.50
15554,1890,29,1861,59.50
15883,1890,32,1858,59.50
15973,1890,24,1866,59.50
16011,1890,40,1850,59.50
16119,1890,54,1836,59.50
16149,1890,43,1847,59.50
16151,1890,66,1824,59.50
16293,1890,20,1870,59.50
16439,1890,58,1832,59.50
16741,1891,60,1831,59.50
16761,1891,29,1862,59.50
16868,1891,33,1858,59.50
17027,1891,23,1868,59.50
17034,1891,58,1833,59.50
17132,1891,31,1860,59.50
17133,1891,45,1846,59.50
17149,1890,62,1828,59.50
17234,1891,38,1853,59.50
17903,1891,38,1853,59.50
18141,1891,24,1867,59.50
18333,1891,24,1867,59.50
18565,1891,22,1869,59.50
18811,1891,48,1843,59.50
19112,1891,20,1871,59.50
19201,1891,17,1874,59.50
19317,1891,32,1859,59.50
19436,1891,17,1874,59.50
19668,1892,18,1874,59.50
19708,1892,53,1839,59.50
19873,1892,37,1855,59.50
19973,1892,49,1843,59.50
19974,1892,26,1866,59.50
20034,1892,33,1859,59.50
20155,1892,32,1860,59.50
20197,1892,39,1853,59.50
20490,1892,37,1855,59.50
20592,1892,36,1856,59.50
20720,1892,26,1866,59.50
20826,1892,77,1815,59.50
20855,1892,24,1868,59.50
20931,1892,47,1845,59.50
20957,1892,54,1838,59.50
21604,1892,51,1841,59.50
21767,1892,36,1856,59.50
21776,1892,41,1851,59.50
21881,1892,41,1851,59.50
22007,1892,21,1871,59.50
22131,1892,28,1864,59.50
22338,1892,30,1862,59.50
22500,1892,36,1856,59.50
22588,1892,26,1866,59.50
22649,1892,45,1847,59.50
22873,1892,39,1853,59.50
23509,1893,31,1862,59.50
23546,1893,28,1865,59.50
23561,1893,59,1834,59.50
23948,1893,54,1839,59.50
23980,1893,18,1875,59.50
24831,1893,33,1860,59.50
25128,1893,46,1847,59.50
25202,1893,35,1858,59.50
25658,1893,34,1859,59.50
25742,1893,41,1852 ,59.50
25906,1893,55,1838,59.50
26157,1893,27,1866,59.50
26288,1893,22,1871,59.50
26627,1893,26,1867,59.50
26806,1893,26,1867,59.50
27034,1894,29,1865,59.50
27348,1894,60,1834,59.50
27375,1894,22,1872,59.50
27626,1894,24,1870,59.50
28071,1894,30,1864  ,59.50
28252,1894,78,1816,59.50
28523,1894,19,1875,59.50
28610,1894,60,1834,59.50
28726,1894,62,1832,59.50
28862,1894,55,1839,59.50
28880,1894,38,1856,59.50
28985,1894,27,1867,59.50
29073,1894,28,1866,59.50
29178,1894,24,1870,59.50
29273,1894,38,1856,59.50
29395,1894,29,1865,59.50
29728,1894,27,1867,59.50
29997,1894,31,1863 ,59.50
30068,1894,51,1843,59.50
30494,1894,24,1870,59.50
30502,1894,26,1868,59.50
30554,1894,27,1867,59.50
30606,1894,45,1849,59.50
30701,1894,41,1853,59.50
30752,1894,55,1839,59.50
30839,1894,50,1844,59.50
31221,1895,60,1835,59.50
31632,1895,42,1853,59.50
31753,1895,37,1858,59.50
31966,1895,43,1852,59.50
32244,1895,26,1869,59.50
32295,1895,19,1876,59.50
32657,1895,42,1853,59.50
32753,1893,26,1867,59.50
33153,1895,34,1861,59.50
33162,1895,49,1846,59.50
33163,1895,36,1859,59.50
33337,1895,36,1859,59.50
33845,1895,32,1863,59.50
34244,1895,59,1836,59.50
34578,1895,63,1832,59.50
34610,1895,19,1876,59.50
35024,1896,46,1850,59.50
35163,1896,28,1868,59.50
35203,1896,46,1850,59.50
35350,1896,34,1862,59.50
35431,1896,47,1849,59.50
35464,1896,54,1842,59.50
35465,1896,40,1856,59.50
35531,1896,64,1832,59.50
35734,1896,32,1864,59.50
35830,1896,34,1862,59.50
35832,1896,28,1868,59.50
35958,1896,29,1867,59.50
35963,1896,25,1871,59.50
36466,1896,30,1866,59.50
36521,1896,33,1863,59.50
36591,1896,31,1865,59.50
36784,1896,37,1859,59.50
36792,1896,23,1873,59.50
37515,1896,51,1845,59.50
37629,1896,39,1857,59.50
37819,1896,38,1858,59.50
37909,1896,37,1859,59.50
38016,1896,53,1843,59.50
38089,1896,38,1858,59.50
38157,1896,21,1875,59.50
38208,1896,40,1856,59.50
38210,1896,36,1860,59.50
38592,1896,23,1873,59.50
38720,1896,50,1846,59.50
38869,1897,40,1857,59.50
39029,1897,37,1860,59.50
39107,1897,43,1854,59.50
39108,1897,25,1872,59.50
39193,1897,47,1850,59.50
39414,1897,29,1868,59.50
39495,1897,22,1875,59.50
39700,1897,40,1857,59.50
40099,1897,27,1870,59.50
40311,1897,40,1857,59.50
40314,1897,23,1874,59.50
40370,1897,22,1875,59.50
40540,1897,37,1860,59.50
41123,1897,25,1872,59.50
41131,1897,41,1856,59.50
41488,1897,51,1846,59.50
41620,1897,42,1855,59.50
41765,1897,47,1850,59.50
41921,1897,40,1857,59.50
42240,1897,23,1874,59.50
42885,1898,19,1879,59.50
43239,1898,23,1875,59.50
43546,1898,36,1862,59.50
43864,1898,20,1878,59.50
43918,1898,48,1850,59.50
44391,1898,45,1853,59.50
44565,1898,26,1872,59.50
44569,1898,38,1860,59.50
44955,1898,22,1876,59.50
45018,1898,62,1836,59.50
45203,1898,40,1858,59.50
45205,1898,48,1850,59.50
45388,1898,34,1864,59.50
45585,1898,30,1868,59.50
45592,1898,26,1872,59.50
46063,1898,51,1847,59.50
46246,1899,42,1857,59.50
46253,1899,53,1846,59.50
46312,1899,29,1870,59.50
46415,1899,27,1872,59.50
46420,1899,33,1866,59.50
46759,1899,34,1865,59.50
46889,1899,39,1860,59.50
47150,1899,63,1836,59.50
47280,1899,24,1875,59.50
47381,1899,24,1875,59.50
47383,1899,46,1853,59.50
47387,1899,45,1854,59.50
47457,1899,28,1871,59.50
47541,1899,37,1862,59.50
47543,1899,46,1853,59.50
47622,1899,48,1851,59.50
47736,1899,21,1878,59.50
47737,1899,24,1875,59.50
47739,1899,28,1871,59.50
47807,1899,46,1853,59.50
47980,1899,42,1857,59.50
47981,1899,63,1836,59.50
48036,1899,63,1836,59.50
48038,1899,39,1860,59.50
48268,1899,49,1850,59.50
48333,1899,31,1868,59.50
48399,1899,22,1877,59.50
49100,1899,38,1861,59.50
49180,1899,66,1833,59.50
49311,1899,45,1854,59.50
49467,1899,22,1877,59.50
50533,1900,50,1850,59.50
50678,1900,43,1857,59.50
50752,1900,25,1875,59.50
50908,1900,48,1852,59.50
51596,1900,45,1855,59.50
51788,1900,49,1851,59.50
51791,1900,63,1837,59.50
51900,1900,27,1873,59.50
52011,1900,36,1864,59.50
52266,1900,43,1857,59.50
52351,1900,50,1850,59.50
52444,1900,45,1855,59.50
52498,1900,25,1875,59.50
52621,1900,45,1855,59.50
53125,1900,46,1854,59.50
53127,1900,35,1865,59.50
53297,1900,45,1855,59.50
53526,1901,64,1837,59.50
53700,1901,34,1867,59.50
54086,1902,55,1847,59.50
54587,1901,45,1856,59.50
54622,1901,28,1873,59.50
54757,1901,46,1855,59.50
54909,1901,29,1872,59.50
54959,1901,39,1862,59.50
55149,1901,64,1837,59.50
55334,1901,48,1853,59.50
55451,1901,23,1878,59.50
55454,1901,26,1875,59.50
56265,1901,41,1860,59.50
56373,1901,51,1850,59.50
56672,1901,54,1847,59.50
56673,1901,24,1877,59.50
56939,1901,25,1876,59.50
56959,1902,42,1860,59.50
57419,1902,45,1857,59.50
57489,1902,38,1864,59.50
58429,1902,22,1880,59.50
58489,1902,42,1860,59.50
58657,1902,31,1871,59.50
58659,1902,43,1859,59.50
58754,1902,41,1861,59.50
59197,1902,52,1850,59.50
59248,1902,66,1836,59.50
59829,1902,47,1855,59.50
60225,1902,17,1885,59.50
60226,1902,35,1867,59.50
60374,1902,47,1855,59.50
60564,1902,37,1865,59.50
61148,1903,46,1857,59.50
61324,1903,42,1861,59.50
61325,1903,48,1855,59.50
61445,1903,57,1846,59.50
61448,1903,32,1871,59.50
61456,1903,53,1850,59.50
61861,1903,22,1881,59.50
62099,1903,49,1854,59.50
62254,1903,45,1858,59.50
62322,1903,29,1874,59.50
62370,1903,39,1864,59.50
62545,1903,53,1850,59.50
63128,1903,70,1833,59.50
63303,1903,20,1883,59.50
64112,1903,50,1853,59.50
65204,1904,48,1856,59.50
65437,1904,25,1879,59.50
65704,1904,45,1859,59.50
66156,1904,29,1875,59.50
66243,1904,37,1867,59.50
66712,1904,36,1868,59.50
67545,1904,39,1865,59.50
67631,1904,50,1854,59.50
67643,1904,44,1860,59.50
68497,1905,31,1874,59.50
69378,1905,34,1871,59.50
69420,1905,36,1869,59.50
69521,1905,41,1864,59.50
69582,1905,40,1865,59.50
70368,1905,52,1853,59.50
70582,1905,30,1875,59.50
70598,1905,45,1860,59.50
70710,1905,20,1885,59.50
70754,1905,21,1884,59.50
71139,1905,44,1861,59.50
71620,1905,24,1881,59.50
71871,1905,49,1856,59.50
71962,1905,42,1863,59.50
72091,1905,65,1840,59.50
72226,1905,18,1887,59.50
72294,1905,24,1881,59.50
72640,1905,43,1862,59.50
73086,1906,37,1869,59.50
73333,1906,31,1875,59.50
74315,1906,25,1881,59.50
74872,1906,60,1846,59.50
75095,1906,51,1855,59.50
75096,1906,72,1834,59.50
76406,1906,36,1870,59.50
76814,1906,39,1867,59.50
76973,1906,30,1876,59.50
77013,1906,36,1870,59.50
77582,1907,64,1843,59.50
78035,1907,65,1842,59.50
78254,1907,39,1868,59.50
78662,1907,31,1876,59.50
78884,1907,26,1881,59.50
79158,1907,17,1890,59.50
79250,1907,50,1857,59.50
79412,1907,32,1875,59.50
79658,1907,39,1868,59.50
79659,1907,30,1877,59.50
80899,1907,55,1852,59.50
81401,1907,33,1874,59.50
81494,1907,39,1868,59.50
81647,1907,46,1861,59.50
81767,1907,62,1845,59.50
82012,1907,44,1863,59.50
83002,1908,24,1884,59.50
83321,1908,24,1884,59.50
83324,1908,26,1882,59.50
83552,1908,58,1850,59.50
83623,1908,61,1847,59.50
83664,1908,30,1878,59.50
83708,1908,33,1875,59.50
83773,1908,52,1856,59.50
84381,1908,40,1868,59.50
84531,1908,52,1856,59.50
85083,1908,28,1880,59.50
85302,1908,26,1882,59.50
85419,1908,27,1881,59.50
85974,1908,46,1862,59.50
86142,1908,37,1871,59.50
86904,1908,26,1882,59.50
87172,1909,55,1854,59.50
87921,1909,49,1860,59.50
88088,1909,48,1861,59.50
89022,1909,20,1889,59.50
89506,1909,44,1865,59.50
90188,1909,41,1868,59.50
90940,1909,20,1889,59.50
91733,1909,31,1878,59.50
91791,1909,29,1880,59.50
92272,1909,29,1880,59.50
92473,1910,45,1865,59.50
92474,1910,73,1837,59.50
92681,1910,31,1879,59.50
93660,1910,54,1856,59.50
93762,1910,52,1858,59.50
94028,1910,28,1882,59.50
94428,1910,64,1846,59.50
95487,1910,49,1861,59.50
97368,1910,45,1865,59.50
97647,1910,21,1889,59.50
97706,1910,29,1881,59.50
97709,1910,30,1880,59.50
97847,1911,39,1872,59.50
98651,1911,49,1862,59.50
99190,1911,54,1857,59.50
99633,1911,31,1880,59.50
99785,1911,41,1870,59.50
99902,1911,67,1844,59.50
100011,1911,41,1870,59.50
100471,1911,49,1862,59.50
101171,1911,46,1865,59.50
101311,1911,29,1882,59.50
101468,1911,33,1878,59.50
101590,1911,32,1879,59.50
102862,1911,23,1888,59.50
103734,1912,40,1872,59.50
103898,1912,33,1879,59.50
103933,1912,32,1880,59.50
104572,1912,57,1855,59.50
105070,1912,56,1856,59.50
105648,1912,28,1884,59.50
105711,1912,39,1873,59.50
106041,1912,30,1882,59.50
106043,1912,50,1862,59.50
106350,1912,23,1889,59.50
106810,1912,38,1874,59.50
107111,1912,60,1852,59.50
107220,1912,36,1876,59.50
107389,1912,51,1861,59.50
107577,1912,50,1862,59.50
107738,1912,19,1893,59.50
109036,1913,45,1868,59.50
111546,1913,22,1891,59.50
111582,1913,32,1881,59.50
111874,1913,53,1860,59.50
112211,1913,59,1854,59.50
113168,1914,30,1884,59.50
113468,1914,73,1841,59.50
113914,1914,43,1871,59.50
114819,1914,33,1881,59.50
115264,1914,45,1869,59.50
115352,1914,24,1890,59.50
115605,1914,40,1874,59.50
115672,1914,44,1870,59.50
117889,1916,56,1860,59.50
118064,1915,31,1884,59.50
119311,1915,46,1869,59.50
119381,1915,37,1878,59.50
120182,1916,49,1867,59.50
120414,1916,61,1855,59.50
120942,1916,29,1887,59.50
121510,1916,37,1879,59.50
121971,1917,40,1877,59.50
122495,1917,65,1852,59.50
122962,1917,42,1875,59.50
122994,1917,26,1891,59.50
123304,1918,39,1879,59.50
124350,1918,49,1869,59.50
124725,1919,72,1847,59.50
124800,1919,36,1883,59.50
125227,1919,71,1848,59.50
125347,1919,62,1857,59.50
125377,1919,36,1883,59.50
125855,1920,59,1861,59.50
126441,1920,47,1873,59.50
126954,1920,36,1884,59.50
127276,1921,30,1891,59.50
127437,1921,49,1872,59.50
129156,1922,22,1900,59.50
129431,1922,35,1887,59.50
129965,1922,21,1901,59.50
130921,1923,59,1864,59.50
131004,1923,59,1864,59.50
132500,1923,52,1871,59.50
132853,1924,29,1895,59.50
135862,1925,45,1880,59.50
1210,1881,37,1844,59.75
1244,1881,26,1855,59.75
1472,1881,26,1855,59.75
1517,1881,24,1857,59.75
1780,1881,23,1858,59.75
2055,1881,25,1856,59.75
2750,1881,25,1856,59.75
3095,1881,35,1846,59.75
3136,1881,37,1844,59.75
3391,1881,40,1841,59.75
3732,1881,27,1854,59.75
5728,1882,36,1846,59.75
6602,1882,69,1813,59.75
6604,1882,42,1840,59.75
7380,1882,28,1854,59.75
7931,1882,25,1857,59.75
7969,1882,52,1830,59.75
8474,1882,60,1822,59.75
10113,1889,22,1867,59.75
11259,1889,27,1862,59.75
11698,1889,27,1862,59.75
11950,1889,27,1862,59.75
12342,1889,78,1811,59.75
12488,1889,20,1869,59.75
12791,1890,21,1869,59.75
13324,1890,39,1851,59.75
13838,1890,39,1851,59.75
14353,1890,27,1863,59.75
15296,1890,40,1850,59.75
15705,1890,27,1863,59.75
16027,1890,27,1863,59.75
16036,1890,20,1870,59.75
16490,1890,52,1838,59.75
17253,1891,20,1871,59.75
17872,1891,33,1858,59.75
18404,1891,29,1862,59.75
20675,1892,36,1856,59.75
22177,1892,34,1858,59.75
24033,1893,53,1840,59.75
25044,1893,42,1851,59.75
25291,1893,42,1851 ,59.75
25657,1893,28,1865,59.75
25782,1893,18,1875,59.75
25848,1893,32,1861,59.75
29195,1894,28,1866,59.75
31526,1895,40,1855,59.75
32730,1895,27,1868,59.75
32948,1895,32,1863,59.75
33765,1895,54,1841,59.75
34691,1895,31,1864,59.75
34768,1896,28,1868,59.75
35245,1896,45,1851,59.75
35735,1896,30,1866,59.75
36319,1896,24,1872,59.75
36660,1896,48,1848,59.75
37958,1896,33,1863,59.75
38717,1896,32,1864,59.75
39416,1897,29,1868,59.75
40737,1897,34,1863,59.75
41236,1897,23,1874,59.75
41238,1897,50,1847,59.75
41622,1897,37,1860,59.75
43329,1898,30,1868,59.75
43419,1898,44,1854,59.75
43536,1898,16,1882,59.75
44137,1898,39,1859,59.75
44387,1898,30,1868,59.75
46417,1899,30,1869,59.75
47552,1899,62,1837,59.75
47630,1899,44,1855,59.75
48063,1899,36,1863,59.75
48149,1899,49,1850,59.75
48290,1899,40,1859,59.75
50032,1899,36,1863,59.75
50755,1900,30,1870,59.75
50811,1900,56,1844,59.75
51066,1900,32,1868,59.75
51068,1900,71,1829,59.75
52181,1900,28,1872,59.75
52836,1900,30,1870,59.75
53365,1900,42,1858,59.75
53699,1901,54,1847,59.75
54334,1901,26,1875,59.75
54492,1901,46,1855,59.75
54511,1901,39,1862,59.75
54621,1901,38,1863,59.75
55447,1901,41,1860,59.75
55668,1901,19,1882,59.75
55911,1901,21,1880,59.75
56747,1901,62,1839,59.75
57040,1902,39,1863,59.75
59160,1902,54,1848,59.75
60629,1903,23,1880,59.75
61778,1903,40,1863,59.75
62098,1903,27,1876,59.75
65439,1904,33,1871,59.75
66224,1904,29,1875,59.75
68700,1905,31,1874,59.75
70495,1905,44,1861,59.75
70707,1905,61,1844,59.75
72314,1905,36,1869,59.75
72325,1905,61,1844,59.75
73148,1906,24,1882,59.75
73963,1906,35,1871,59.75
74696,1906,62,1844,59.75
77340,1906,35,1871,59.75
78422,1907,38,1869,59.75
78928,1907,28,1879,59.75
79024,1907,32,1875,59.75
79889,1907,44,1863,59.75
80300,1907,38,1869,59.75
80796,1907,69,1838,59.75
81379,1907,25,1882,59.75
83826,1908,19,1889,59.75
84004,1908,32,1876,59.75
84006,1908,39,1869,59.75
84317,1908,67,1841,59.75
85755,1908,21,1887,59.75
86334,1908,55,1853,59.75
90327,1909,68,1841,59.75
92680,1910,48,1862,59.75
93658,1910,47,1863,59.75
95531,1910,27,1883,59.75
99294,1911,28,1883,59.75
100092,1911,43,1868,59.75
100093,1911,48,1863,59.75
102300,1911,24,1887,59.75
102715,1911,28,1883,59.75
103437,1912,36,1876,59.75
104782,1912,24,1888,59.75
105222,1912,53,1859,59.75
107739,1912,38,1874,59.75
110080,1913,58,1855,59.75
113809,1914,41,1873,59.75
113936,1914,47,1867,59.75
114959,1914,55,1859,59.75
118624,1915,38,1877,59.75
119337,1915,61,1854,59.75
120508,1916,52,1864,59.75
122629,1917,41,1876,59.75
122845,1917,57,1860,59.75
122846,1917,57,1860,59.75
123616,1918,25,1893,59.75
124138,1918,37,1881,59.75
125288,1919,21,1898,59.75
125532,1920,27,1893,59.75
126263,1920,60,1860,59.75
127913,1918,34,1884,59.75
131627,1923,71,1852,59.75
1,1881,17,1864,60.00
24,1881,27,1854,60.00
209,1881,43,1838,60.00
337,1881,52,1829,60.00
380,1881,18,1863,60.00
391,1881,18,1863,60.00
423,1881,31,1850,60.00
456,1881,29,1852,60.00
467,1881,31,1850,60.00
510,1881,61,1820,60.00
519,1881,26,1855,60.00
789,1881,47,1834,60.00
796,1881,36,1845,60.00
874,1881,36,1845,60.00
948,1881,56,1825,60.00
1011,1881,19,1862,60.00
1153,1881,47,1834,60.00
1180,1881,23,1858,60.00
1248,1881,43,1838,60.00
1269,1881,25,1856,60.00
1302,1881,25,1856,60.00
1331,1881,21,1860,60.00
1372,1881,49,1832,60.00
1403,1881,46,1835,60.00
1462,1881,68,1813,60.00
1490,1881,38,1843,60.00
1531,1881,35,1846,60.00
1589,1881,27,1854,60.00
1692,1881,47,1834,60.00
1705,1881,30,1851,60.00
1818,1881,31,1850,60.00
1895,1881,31,1850,60.00
1896,1881,41,1840,60.00
1934,1881,19,1862,60.00
2132,1881,33,1848,60.00
2150,1881,50,1831,60.00
2193,1881,27,1854,60.00
2223,1881,24,1857,60.00
2331,1881,31,1850,60.00
2356,1881,23,1858,60.00
2363,1881,32,1849,60.00
2365,1881,24,1857,60.00
2371,1881,29,1852,60.00
2440,1881,36,1845,60.00
2449,1881,25,1856,60.00
2551,1881,26,1855,60.00
2604,1881,14,1867,60.00
2605,1881,30,1851,60.00
2672,1881,23,1858,60.00
2781,1881,19,1862,60.00
2811,1881,22,1859,60.00
2848,1881,71,1810,60.00
2882,1881,27,1854,60.00
2979,1881,56,1825,60.00
3101,1881,58,1823,60.00
3127,1881,38,1843,60.00
3208,1881,29,1852,60.00
3268,1881,41,1840,60.00
3301,1881,45,1836,60.00
3394,1881,22,1859,60.00
3400,1881,41,1840,60.00
3448,1881,20,1861,60.00
3532,1881,57,1824 ,60.00
3572,1881,21,1860,60.00
3706,1881,48,1833,60.00
3821,1881,40,1841,60.00
3971,1881,27,1854,60.00
3998,1881,43,1838,60.00
4057,1881,27,1854,60.00
4155,1881,53,1828,60.00
4167,1881,20,1861,60.00
4274,1882,51,1831,60.00
4404,1882,45,1837,60.00
4412,1882,23,1859,60.00
4463,1882,63,1819,60.00
4515,1882,27,1855,60.00
4537,1882,54,1828,60.00
4545,1882,38,1844,60.00
4552,1882,19,1863,60.00
4579,1882,44,1838,60.00
4592,1882,63,1819,60.00
4620,1882,26,1856,60.00
4626,1882,28,1854,60.00
4637,1882,44,1838,60.00
4659,1882,25,1857,60.00
4707,1882,30,1852,60.00
4726,1882,18,1864,60.00
4749,1882,46,1836,60.00
4847,1882,29,1853,60.00
4918,1882,20,1862,60.00
4983,1882,54,1828,60.00
4987,1882,45,1837,60.00
5042,1882,19,1863,60.00
5147,1882,19,1863,60.00
5149,1882,39,1843,60.00
5199,1882,17,1865,60.00
5230,1882,38,1844,60.00
5252,1882,27,1855,60.00
5266,1882,29,1853,60.00
5309,1882,22,1860,60.00
5396,1882,60,1822,60.00
5433,1882,54,1828,60.00
5439,1882,24,1858,60.00
5520,1882,38,1844,60.00
5567,1882,23,1859,60.00
5568,1882,22,1860,60.00
5574,1882,39,1843,60.00
5633,1882,31,1851,60.00
5657,1882,41,1841,60.00
5711,1882,29,1853,60.00
5754,1882,30,1852,60.00
5763,1882,40,1842,60.00
5767,1882,29,1853,60.00
5969,1882,48,1834,60.00
5983,1882,30,1852,60.00
5990,1882,35,1847 ,60.00
6011,1882,34,1848,60.00
6117,1882,48,1834,60.00
6124,1882,42,1840,60.00
6159,1882,43,1839,60.00
6195,1882,33,1849,60.00
6309,1882,22,1860,60.00
6366,1882,20,1862,60.00
6394,1882,52,1830,60.00
6479,1882,22,1860,60.00
6488,1882,41,1841,60.00
6501,1882,48,1834,60.00
6555,1882,29,1853,60.00
6597,1882,22,1860,60.00
6675,1882,22,1860,60.00
6765,1882,51,1831,60.00
6818,1882,52,1830,60.00
6827,1882,54,1828,60.00
6869,1882,47,1835,60.00
6897,1882,34,1848,60.00
6913,1882,43,1839,60.00
6918,1882,47,1835,60.00
6922,1882,26,1856,60.00
7059,1882,42,1840,60.00
7073,1882,35,1847,60.00
7082,1882,20,1862,60.00
7083,1882,19,1863,60.00
7280,1882,31,1851,60.00
7281,1882,31,1851,60.00
7381,1881,32,1849,60.00
7433,1882,34,1848 ,60.00
7460,1882,31,1851,60.00
7476,1882,19,1863,60.00
7488,1882,21,1861,60.00
7537,1882,29,1853,60.00
7631,1882,27,1855,60.00
7656,1882,36,1846,60.00
7672,1882,28,1854,60.00
7724,1882,41,1841,60.00
7782,1882,26,1856,60.00
7830,1882,26,1856,60.00
8082,1882,57,1825,60.00
8092,1882,29,1853,60.00
8238,1882,37,1845,60.00
8252,1882,56,1826,60.00
8325,1882,42,1840,60.00
8349,1882,34,1848,60.00
8384,1882,42,1840,60.00
8386,1882,35,1847,60.00
8441,1882,58,1824,60.00
8442,1882,64,1818,60.00
8456,1882,27,1855,60.00
8595,1889,48,1841,60.00
8622,1889,41,1848,60.00
8633,1889,28,1861,60.00
8654,1889,22,1867,60.00
8666,1889,40,1849,60.00
8667,1889,36,1853,60.00
8691,1889,71,1818,60.00
8718,1889,59,1830,60.00
8736,1889,27,1862,60.00
8813,1889,36,1853,60.00
8869,1889,44,1845,60.00
8890,1889,29,1860,60.00
8923,1889,22,1867,60.00
8929,1889,25,1864,60.00
8975,1889,18,1871,60.00
9042,1889,19,1870,60.00
9104,1889,36,1853,60.00
9199,1889,19,1870,60.00
9338,1889,38,1851,60.00
9363,1889,35,1854,60.00
9397,1899,71,1828,60.00
9431,1889,21,1868,60.00
9449,1889,50,1839,60.00
9597,1889,50,1839,60.00
9619,1889,57,1832,60.00
9662,1889,63,1826,60.00
9708,1889,54,1835,60.00
9776,1889,37,1852,60.00
9797,1889,16,1873,60.00
9854,1889,28,1861,60.00
9876,1889,17,1872,60.00
9974,1889,29,1860,60.00
9990,1889,23,1866,60.00
10007,1889,41,1848,60.00
10055,1889,44,1845,60.00
10076,1889,29,1860,60.00
10153,1889,43,1846,60.00
10183,1889,38,1851,60.00
10209,1889,42,1847,60.00
10251,1889,56,1833,60.00
10365,1889,36,1853,60.00
10509,1889,29,1860,60.00
10534,1889,20,1869,60.00
10551,1889,32,1857,60.00
10563,1889,62,1827,60.00
10583,1889,32,1857,60.00
10588,1889,21,1868,60.00
10606,1889,23,1866,60.00
10786,1889,42,1847,60.00
10793,1889,63,1826,60.00
10802,1889,26,1863,60.00
10844,1889,64,1825,60.00
10854,1889,16,1873,60.00
10918,1889,20,1869,60.00
10980,1889,53,1836,60.00
11065,1889,42,1847,60.00
11094,1889,55,1834,60.00
11257,1889,39,1850,60.00
11268,1889,31,1858,60.00
11396,1889,47,1842,60.00
11446,1889,56,1833,60.00
11532,1889,50,1839,60.00
11561,1889,66,1823,60.00
11582,1890,37,1853,60.00
11591,1889,30,1859,60.00
11600,1889,37,1852,60.00
11624,1889,27,1862,60.00
11775,1889,44,1845,60.00
11968,1889,24,1865,60.00
11978,1889,54,1835,60.00
11990,1889,41,1848,60.00
12030,1889,25,1864,60.00
12205,1889,23,1866,60.00
12257,1889,31,1858,60.00
12332,1889,32,1857,60.00
12407,1889,49,1840,60.00
12491,1889,32,1857,60.00
12593,1890,18,1872,60.00
12612,1890,25,1865,60.00
12623,1890,44,1846,60.00
12894,1890,55,1835,60.00
12984,1890,22,1868,60.00
13023,1890,20,1870,60.00
13044,1890,40,1850,60.00
13116,1890,47,1843,60.00
13226,1890,29,1861,60.00
13318,1890,22,1868,60.00
13328,1890,63,1827,60.00
13376,1890,29,1861,60.00
13431,1890,51,1839,60.00
13524,1890,43,1847,60.00
13557,1890,45,1845,60.00
13743,1890,34,1856,60.00
13794,1890,21,1869,60.00
13832,1890,16,1874,60.00
13872,1890,30,1860,60.00
13934,1890,30,1860,60.00
14015,1890,73,1817,60.00
14094,1890,38,1852,60.00
14153,1890,47,1843,60.00
14194,1890,19,1871,60.00
14239,1890,56,1834,60.00
14332,1890,26,1864,60.00
14470,1890,24,1866,60.00
14508,1890,39,1851,60.00
14510,1890,42,1848,60.00
14511,1890,28,1862,60.00
14691,1890,29,1861,60.00
14725,1890,26,1864,60.00
14742,1890,26,1864,60.00
14761,1890,34,1856,60.00
14771,1890,32,1858,60.00
14796,1890,26,1864,60.00
14815,1890,45,1845,60.00
14822,1890,19,1871,60.00
14852,1890,59,1831,60.00
14949,1890,24,1866,60.00
14985,1890,29,1861,60.00
15174,1890,20,1870,60.00
15183,1890,22,1868,60.00
15192,1890,27,1863,60.00
15251,1890,64,1826,60.00
15320,1890,35,1855,60.00
15449,1890,47,1843,60.00
15476,1890,49,1841,60.00
15512,1890,38,1852,60.00
15598,1890,37,1853,60.00
15659,1890,33,1857,60.00
15682,1890,39,1851,60.00
15720,1890,31,1859,60.00
15822,1890,23,1867,60.00
15882,1890,38,1852,60.00
16021,1890,35,1855,60.00
16028,1890,34,1856,60.00
16052,1890,39,1851,60.00
16199,1890,46,1844,60.00
16299,1890,21,1869,60.00
16336,1890,25,1865,60.00
16372,1890,30,1860,60.00
16392,1890,28,1862,60.00
16395,1890,33,1857,60.00
16428,1890,34,1856,60.00
16450,1890,57,1833,60.00
16471,1890,42,1848,60.00
16542,1890,59,1831,60.00
16577,1890,31,1859,60.00
16593,1890,31,1859,60.00
16760,1891,21,1870,60.00
16762,1891,46,1845,60.00
16771,1891,16,1875,60.00
16869,1891,19,1872,60.00
16920,1891,49,1842,60.00
16932,1891,33,1858,60.00
16964,1891,46,1845,60.00
17171,1891,47,1844,60.00
17250,1891,31,1860,60.00
17348,1891,40,1851,60.00
17394,1891,39,1852,60.00
17412,1891,66,1825,60.00
17436,1891,30,1861,60.00
17455,1891,41,1850,60.00
17601,1891,63,1828,60.00
17658,1891,46,1845,60.00
17736,1891,22,1869,60.00
17747,1891,36,1855,60.00
17772,1891,34,1857,60.00
17840,1891,45,1846,60.00
17936,1891,19,1872,60.00
17943,1891,40,1851,60.00
17977,1891,29,1862,60.00
18016,1891,23,1868,60.00
18031,1891,31,1860,60.00
18146,1891,28,1863,60.00
18159,1891,43,1848,60.00
18212,1891,64,1827,60.00
18444,1891,49,1842,60.00
18647,1891,43,1848,60.00
18710,1891,30,1861,60.00
18821,1891,47,1844,60.00
19006,1891,44,1847,60.00
19116,1891,38,1853,60.00
19137,1891,49,1842,60.00
19170,1891,33,1858,60.00
19183,1891,19,1872,60.00
19218,1891,18,1873,60.00
19247,1891,34,1857,60.00
19275,1891,62,1829,60.00
19301,1891,42,1849,60.00
19326,1891,39,1852,60.00
19378,1891,52,1839,60.00
19397,1891,39,1852,60.00
19433,1891,61,1830,60.00
19749,1892,32,1860,60.00
19784,1892,40,1852,60.00
19864,1892,32,1860,60.00
19905,1892,34,1858,60.00
20015,1892,42,1850,60.00
20024,1892,18,1874,60.00
20111,1892,27,1865,60.00
20161,1892,28,1864,60.00
20169,1892,19,1873,60.00
20296,1892,42,1850,60.00
20310,1892,40,1852,60.00
20329,1892,29,1863,60.00
20353,1892,39,1853,60.00
20635,1892,31,1861,60.00
20659,1892,69,1823,60.00
20745,1892,17,1875,60.00
20808,1892,46,1846,60.00
20871,1892,21,1871,60.00
20876,1892,43,1849,60.00
20901,1892,41,1851,60.00
20914,1892,32,1860,60.00
20947,1892,50,1842,60.00
20970,1892,23,1869,60.00
21094,1892,35,1857,60.00
21119,1892,43,1849,60.00
21184,1892,49,1843,60.00
21281,1892,37,1855,60.00
21290,1892,33,1859,60.00
21360,1892,58,1834,60.00
21378,1892,25,1867,60.00
21429,1892,41,1851,60.00
21481,1892,32,1860,60.00
21525,1892,4,1888,60.00
21677,1892,35,1857,60.00
21798,1892,52,1840,60.00
21844,1892,64,1828,60.00
21998,1892,26,1866,60.00
22106,1892,25,1867,60.00
22109,1892,36,1856,60.00
22247,1892,24,1868,60.00
22291,1892,39,1853,60.00
22334,1892,29,1863,60.00
22367,1892,46,1846,60.00
22435,1891,42,1849,60.00
22504,1892,58,1834,60.00
22659,1892,49,1843,60.00
22744,1892,30,1862,60.00
22913,1892,27,1865,60.00
22951,1892,45,1847,60.00
22964,1892,28,1864 ,60.00
22992,1892,26,1866,60.00
23039,1892,20,1872,60.00
23069,1892,42,1850,60.00
23070,1892,27,1865,60.00
23305,1893,37,1856,60.00
23306,1893,48,1845,60.00
23327,1893,56,1837,60.00
23600,1893,66,1827,60.00
23639,1893,20,1873,60.00
23780,1893,23,1870,60.00
23816,1893,27,1866,60.00
23853,1893,41,1852,60.00
23883,1893,35,1858,60.00
23978,1893,29,1864,60.00
24127,1893,38,1855,60.00
24156,1893,34,1859,60.00
24236,1893,41,1852,60.00
24265,1893,33,1860,60.00
24320,1893,80,1813,60.00
24388,1893,70,1823,60.00
24424,1893,34,1859,60.00
24487,1893,56,1837,60.00
24559,1893,39,1854,60.00
24588,1893,43,1850,60.00
24606,1893,17,1876,60.00
24618,1893,40,1853,60.00
24633,1893,68,1825,60.00
24955,1893,53,1840,60.00
25103,1893,27,1866,60.00
25120,1893,48,1845,60.00
25174,1893,32,1861,60.00
25176,1893,61,1832,60.00
25179,1893,36,1857,60.00
25194,1893,40,1853,60.00
25233,1893,35,1858,60.00
25289,1893,54,1839,60.00
25295,1893,36,1857,60.00
25301,1893,24,1869,60.00
25315,1893,36,1857,60.00
25398,1893,41,1852,60.00
25479,1893,54,1839,60.00
25620,1893,56,1837 ,60.00
25623,1893,20,1873,60.00
25713,1893,22,1871,60.00
25802,1893,41,1852,60.00
25815,1893,38,1855,60.00
26015,1893,21,1872,60.00
26050,1893,30,1863,60.00
26094,1893,23,1870,60.00
26099,1893,33,1860,60.00
26141,1893,36,1857,60.00
26151,1893,49,1844,60.00
26170,1893,33,1860,60.00
26220,1893,20,1873,60.00
26223,1893,28,1865,60.00
26233,1893,32,1861,60.00
26285,1893,22,1871,60.00
26286,1893,55,1838,60.00
26367,1893,42,1851,60.00
26438,1893,24,1869,60.00
26537,1893,25,1868,60.00
26540,1893,37,1856,60.00
26626,1893,28,1865,60.00
26639,1893,53,1840,60.00
26685,1893,26,1867,60.00
26793,1893,51,1842,60.00
26801,1893,54,1839,60.00
26828,1893,42,1851,60.00
26879,1893,49,1844,60.00
26881,1893,54,1839,60.00
26896,1893,61,1832,60.00
27106,1894,28,1866,60.00
27148,1894,39,1855,60.00
27164,1893,38,1855,60.00
27291,1894,24,1870,60.00
27338,1894,42,1852,60.00
27446,1894,54,1840,60.00
27465,1894,22,1872,60.00
27476,1894,33,1861,60.00
27485,1894,26,1868,60.00
27569,1894,36,1858,60.00
27677,1894,29,1865,60.00
27820,1894,49,1845,60.00
27836,1894,54,1840,60.00
27915,1894,60,1834,60.00
27931,1894,44,1850,60.00
27938,1894,61,1833,60.00
27985,1894,42,1852,60.00
28027,1894,37,1857,60.00
28112,1894,22,1872,60.00
28116,1894,35,1859,60.00
28123,1894,68,1826,60.00
28148,1894,60,1834,60.00
28230,1894,48,1846,60.00
28324,1894,34,1860,60.00
28537,1894,36,1858,60.00
28571,1894,46,1848 ,60.00
28616,1894,21,1873,60.00
28712,1894,31,1863,60.00
28727,1894,44,1850,60.00
28786,1894,41,1853,60.00
28958,1894,22,1872,60.00
29067,1892,34,1858,60.00
29113,1894,37,1857,60.00
29133,1894,25,1869,60.00
29285,1894,40,1854,60.00
29324,1894,21,1873,60.00
29336,1894,28,1866,60.00
29345,1894,55,1839,60.00
29346,1894,23,1871,60.00
29351,1894,40,1854,60.00
29425,1894,33,1861,60.00
29494,1894,36,1858,60.00
29520,1894,22,1872,60.00
29548,1894,27,1867,60.00
29574,1894,61,1833,60.00
29657,1894,17,1877,60.00
29693,1894,21,1873,60.00
29765,1894,28,1866,60.00
29797,1894,38,1856,60.00
29862,1894,21,1873,60.00
29895,1894,38,1856,60.00
29929,1894,49,1845,60.00
29968,1894,44,1850,60.00
30071,1894,40,1854,60.00
30130,1894,59,1835,60.00
30183,1894,23,1871,60.00
30409,1894,27,1867,60.00
30534,1894,42,1852,60.00
30593,1894,56,1838,60.00
30703,1894,25,1869,60.00
30784,1894,30,1864,60.00
30820,1894,33,1861,60.00
30969,1895,56,1839,60.00
30998,1895,49,1846,60.00
31014,1895,28,1867,60.00
31090,1895,25,1870,60.00
31225,1895,85,1810,60.00
31246,1895,17,1878,60.00
31308,1895,30,1865,60.00
31494,1895,48,1847,60.00
31625,1895,33,1862,60.00
31641,1895,44,1851,60.00
31696,1895,26,1869,60.00
31706,1895,52,1843,60.00
31724,1895,53,1842,60.00
31818,1895,25,1870,60.00
31911,1895,45,1850,60.00
31972,1895,38,1857,60.00
32069,1895,23,1872,60.00
32091,1895,32,1863,60.00
32102,1895,56,1839,60.00
32107,1895,47,1848,60.00
32207,1895,20,1875,60.00
32338,1895,25,1870,60.00
32480,1895,58,1837,60.00
32555,1905,65,1840 ,60.00
32630,1895,36,1859,60.00
32649,1895,31,1864,60.00
33110,1895,22,1873,60.00
33166,1895,36,1859,60.00
33175,1895,44,1851,60.00
33241,1895,45,1850,60.00
33296,1895,40,1855,60.00
33484,1895,35,1860,60.00
33611,1895,62,1833,60.00
33625,1895,40,1855,60.00
33761,1895,23,1872,60.00
33909,1895,60,1835,60.00
33931,1895,23,1872,60.00
33995,1895,59,1836,60.00
33997,1895,28,1867,60.00
34116,1895,25,1870,60.00
34151,1895,67,1828,60.00
34201,1895,32,1863,60.00
34435,1895,30,1865,60.00
34437,1895,44,1851,60.00
34492,1895,38,1857,60.00
34540,1895,37,1858,60.00
34576,1895,26,1869,60.00
34648,1895,39,1856,60.00
34765,1896,44,1852,60.00
34911,1896,42,1854,60.00
35029,1896,57,1839,60.00
35145,1896,17,1879,60.00
35267,1896,60,1836,60.00
35354,1896,35,1861,60.00
35382,1896,46,1850,60.00
35643,1896,40,1856,60.00
35733,1896,51,1845,60.00
35770,1896,47,1849,60.00
35973,1896,56,1840,60.00
36177,1896,30,1866,60.00
36264,1896,54,1842,60.00
36277,1896,38,1858,60.00
36316,1896,30,1866,60.00
36468,1896,34,1862,60.00
36601,1896,41,1855,60.00
36793,1896,7,1889,60.00
36901,1896,45,1851,60.00
36905,1896,26,1870,60.00
37002,1896,25,1871,60.00
37212,1896,28,1868,60.00
37514,1896,47,1849,60.00
37807,1896,50,1846,60.00
37904,1896,63,1833,60.00
37905,1896,45,1851,60.00
37907,1896,37,1859,60.00
37954,1896,52,1844,60.00
38054,1896,56,1840,60.00
38058,1896,46,1850,60.00
38153,1896,56,1840,60.00
38269,1896,39,1857,60.00
38349,1896,44,1852,60.00
38357,1896,37,1859,60.00
38358,1896,60,1836,60.00
38413,1896,21,1875,60.00
38454,1896,20,1876,60.00
38590,1896,17,1879,60.00
38653,1896,20,1876,60.00
38655,1896,27,1869,60.00
38656,1896,21,1875,60.00
39068,1897,39,1858,60.00
39259,1897,35,1862,60.00
39417,1897,35,1862,60.00
39517,1897,38,1859,60.00
39794,1897,44,1853,60.00
39801,1897,27,1870,60.00
39825,1897,62,1835,60.00
40032,1897,33,1864,60.00
40127,1897,69,1828,60.00
40128,1897,41,1856,60.00
40175,1897,45,1852,60.00
40176,1897,61,1836,60.00
40266,1897,21,1876,60.00
40433,1897,35,1862,60.00
40449,1897,62,1835,60.00
40576,1897,48,1849,60.00
40662,1897,52,1845,60.00
40667,1897,40,1857,60.00
40680,1897,54,1843,60.00
40741,1897,57,1840,60.00
40891,1897,20,1877,60.00
41323,1897,59,1838,60.00
41608,1897,62,1835,60.00
41614,1897,61,1836,60.00
41760,1897,22,1875,60.00
41840,1897,44,1853,60.00
42051,1897,69,1828,60.00
42135,1897,25,1872,60.00
42242,1897,25,1872,60.00
42302,1897,36,1861,60.00
42370,1898,27,1871,60.00
42500,1898,40,1858,60.00
42631,1898,44,1854,60.00
42827,1898,44,1854,60.00
42888,1898,41,1857,60.00
42915,1898,34,1864,60.00
43150,1898,41,1857,60.00
43324,1898,62,1836,60.00
43737,1898,38,1860,60.00
43922,1898,31,1867,60.00
43941,1898,31,1867,60.00
43988,1898,48,1850,60.00
43992,1898,32,1866,60.00
44039,1898,25,1873,60.00
44573,1898,22,1876,60.00
44637,1898,30,1868,60.00
44712,1898,22,1876,60.00
44786,1898,31,1867,60.00
45087,1898,52,1846,60.00
45212,1898,23,1875,60.00
45538,1898,35,1863,60.00
45757,1898,61,1837,60.00
45760,1898,28,1870,60.00
45839,1898,44,1854,60.00
45885,1898,40,1858,60.00
45942,1898,30,1868,60.00
46007,1898,52,1846,60.00
46313,1899,45,1854,60.00
46477,1899,61,1838,60.00
46926,1899,50,1849,60.00
46948,1899,41,1858,60.00
47279,1899,32,1867,60.00
47281,1899,26,1873,60.00
47458,1899,35,1864,60.00
47542,1899,55,1844,60.00
47805,1899,16,1883,60.00
47983,1899,44,1855,60.00
48000,1899,51,1848,60.00
48035,1899,63,1836,60.00
48271,1899,45,1854,60.00
48358,1899,59,1840,60.00
48590,1899,20,1879,60.00
48655,1899,51,1848,60.00
48734,1899,40,1859,60.00
48753,1899,54,1845,60.00
48800,1899,26,1873,60.00
48804,1899,31,1868,60.00
48886,1899,23,1876,60.00
48888,1899,28,1871,60.00
48918,1899,41,1858,60.00
49022,1899,51,1848,60.00
49207,1899,53,1846,60.00
49274,1899,48,1851,60.00
49691,1899,39,1860,60.00
49810,1899,36,1863,60.00
49828,1899,54,1845,60.00
49840,1899,35,1864,60.00
49880,1899,41,1858,60.00
49963,1899,48,1851,60.00
50042,1900,54,1846,60.00
50308,1900,23,1877,60.00
50424,1900,36,1864,60.00
50536,1900,28,1872,60.00
50812,1900,30,1870,60.00
50983,1900,52,1848,60.00
51234,1900,54,1846,60.00
51235,1900,36,1864,60.00
51241,1900,26,1874,60.00
51287,1900,30,1870,60.00
51293,1900,23,1877,60.00
51395,1900,36,1864,60.00
51518,1900,36,1864,60.00
51660,1900,34,1866,60.00
51787,1900,49,1851,60.00
51905,1900,33,1867,60.00
51944,1900,17,1883,60.00
51947,1900,49,1851,60.00
51961,1900,47,1853,60.00
52188,1900,19,1881,60.00
52239,1900,23,1877,60.00
52302,1900,60,1840,60.00
52350,1900,45,1855,60.00
52641,1900,55,1845,60.00
52714,1900,53,1847,60.00
52843,1900,37,1863,60.00
52940,1900,48,1852,60.00
52942,1900,48,1852,60.00
53216,1900,34,1866,60.00
53220,1900,64,1836,60.00
53239,1900,21,1879,60.00
53531,1901,21,1880,60.00
53534,1901,41,1860,60.00
53614,1901,25,1876,60.00
53704,1901,35,1866,60.00
53891,1901,22,1879,60.00
53892,1901,26,1875,60.00
54224,1901,24,1877,60.00
54229,1901,22,1879,60.00
54340,1901,23,1878,60.00
54412,1901,30,1871,60.00
54806,1901,58,1843,60.00
54810,1901,41,1860,60.00
54811,1901,26,1875,60.00
54956,1901,40,1861,60.00
54957,1901,21,1880,60.00
55015,1901,54,1847,60.00
55146,1901,23,1878,60.00
55174,1901,43,1858,60.00
55333,1901,61,1840,60.00
55455,1901,28,1873,60.00
55479,1901,33,1868,60.00
55743,1901,28,1873,60.00
55807,1901,40,1861,60.00
56009,1901,56,1845,60.00
56070,1901,46,1855,60.00
56083,1901,32,1869,60.00
56464,1901,35,1866,60.00
56519,1901,50,1851,60.00
56547,1901,47,1854,60.00
56795,1901,66,1835,60.00
56938,1901,56,1845,60.00
56940,1901,48,1853,60.00
57036,1902,47,1855,60.00
57117,1901,53,1848,60.00
57121,1902,55,1847,60.00
57206,1902,28,1874,60.00
57418,1902,23,1879,60.00
57420,1902,30,1872,60.00
57440,1902,42,1860,60.00
57491,1902,39,1863,60.00
57781,1902,26,1876,60.00
57822,1902,45,1857,60.00
57885,1902,67,1835,60.00
57889,1902,43,1859,60.00
58040,1902,19,1883,60.00
58070,1902,36,1866,60.00
58257,1902,26,1876,60.00
58261,1902,54,1848,60.00
58344,1902,26,1876,60.00
58347,1902,36,1866,60.00
58387,1902,24,1878,60.00
58434,1902,50,1852,60.00
58450,1902,53,1849,60.00
58613,1902,35,1867,60.00
58615,1902,22,1880,60.00
58901,1902,26,1876,60.00
58902,1902,32,1870,60.00
59317,1902,41,1861,60.00
59371,1902,24,1878,60.00
59636,1902,41,1861,60.00
59746,1902,35,1867,60.00
59749,1902,48,1854,60.00
59814,1902,24,1878,60.00
60047,1902,33,1869,60.00
60319,1902,70,1832,60.00
60433,1902,50,1852,60.00
60635,1903,32,1871,60.00
60814,1903,38,1865,60.00
60816,1903,57,1846,60.00
61034,1903,29,1874,60.00
61180,1903,28,1875,60.00
61260,1903,51,1852,60.00
61422,1903,35,1868,60.00
61447,1903,40,1863,60.00
61558,1903,28,1875,60.00
61632,1903,58,1845,60.00
62049,1903,40,1863,60.00
62050,1903,45,1858,60.00
62220,1903,22,1881,60.00
62323,1903,44,1859,60.00
62546,1903,67,1836,60.00
62551,1903,36,1867,60.00
62810,1903,29,1874,60.00
62970,1903,55,1848,60.00
62971,1903,24,1879,60.00
63122,1903,47,1856,60.00
63227,1903,37,1866,60.00
63247,1903,67,1836,60.00
63855,1903,68,1835,60.00
63859,1903,55,1848,60.00
64017,1903,40,1863,60.00
64138,1903,38,1865,60.00
64166,1903,24,1879,60.00
64244,1903,53,1850,60.00
64332,1904,33,1871,60.00
64456,1904,67,1837,60.00
64457,1904,26,1878,60.00
64547,1904,38,1866,60.00
64974,1904,40,1864,60.00
65009,1904,31,1873,60.00
65116,1904,40,1864,60.00
65117,1904,26,1878,60.00
65144,1904,53,1851,60.00
65271,1904,42,1862,60.00
65273,1904,22,1882,60.00
65436,1904,50,1854,60.00
65542,1904,32,1872,60.00
65557,1904,37,1867,60.00
65911,1904,32,1872,60.00
65948,1904,23,1881,60.00
66066,1903,17,1886,60.00
66195,1904,22,1882,60.00
66340,1904,55,1849,60.00
66346,1904,36,1868,60.00
66419,1904,34,1870,60.00
66668,1904,30,1874,60.00
66765,1904,28,1876,60.00
66868,1904,40,1864,60.00
66993,1904,52,1852,60.00
67085,1904,31,1873,60.00
67088,1904,44,1860,60.00
67308,1904,30,1874,60.00
67431,1904,19,1885,60.00
67704,1904,35,1869,60.00
67745,1904,34,1870,60.00
67884,1904,46,1858,60.00
68053,1904,47,1857,60.00
68407,1904,20,1884,60.00
68608,1905,61,1844,60.00
68672,1905,24,1881,60.00
68728,1905,44,1861,60.00
69124,1905,28,1877,60.00
69216,1905,39,1866,60.00
69346,1905,59,1846,60.00
69379,1905,39,1866,60.00
69440,1905,35,1870,60.00
69578,1905,29,1876,60.00
69775,1905,39,1866,60.00
69776,1905,29,1876,60.00
69852,1905,29,1876,60.00
70132,1905,21,1884,60.00
70137,1905,27,1878,60.00
70221,1905,46,1859,60.00
70721,1905,40,1865,60.00
70755,1905,36,1869,60.00
70871,1905,30,1875,60.00
70872,1905,23,1882,60.00
70963,1905,29,1876,60.00
71263,1905,39,1866,60.00
71299,1905,28,1877,60.00
71307,1905,59,1846,60.00
71412,1905,17,1888,60.00
71469,1905,31,1874,60.00
71740,1905,49,1856,60.00
71742,1905,48,1857,60.00
71915,1905,26,1879,60.00
72070,1905,54,1851,60.00
72129,1905,39,1866,60.00
72381,1905,39,1866,60.00
72468,1905,18,1887,60.00
72516,1905,31,1874,60.00
72726,1905,46,1859,60.00
72821,1905,20,1885,60.00
73150,1906,26,1880,60.00
73220,1906,35,1871,60.00
73283,1906,47,1859,60.00
73292,1906,47,1859,60.00
73385,1906,51,1855,60.00
73593,1906,31,1875,60.00
73598,1906,23,1883,60.00
73866,1906,34,1872,60.00
74051,1906,33,1873,60.00
74052,1906,27,1879,60.00
74428,1906,45,1861,60.00
74643,1906,18,1888,60.00
74697,1906,30,1876,60.00
74715,1906,20,1886,60.00
74773,1906,28,1878,60.00
74989,1906,28,1878,60.00
75735,1906,40,1866,60.00
76100,1906,36,1870,60.00
76273,1906,48,1858,60.00
76467,1906,22,1884,60.00
76684,1906,22,1884,60.00
76710,1906,28,1878,60.00
76918,1906,63,1843,60.00
77114,1906,57,1849,60.00
77262,1906,41,1865,60.00
77265,1906,24,1882,60.00
77339,1906,27,1879,60.00
77584,1907,26,1881,60.00
77643,1907,22,1885,60.00
77689,1907,37,1870,60.00
78079,1907,44,1863,60.00
78362,1907,27,1880,60.00
78661,1907,41,1866,60.00
79102,1907,46,1861,60.00
79129,1907,27,1880,60.00
79337,1907,20,1887,60.00
79411,1907,39,1868,60.00
79460,1907,40,1867,60.00
79657,1907,21,1886,60.00
79677,1907,41,1866,60.00
80057,1907,19,1888,60.00
80229,1907,36,1871,60.00
80301,1907,19,1888,60.00
80385,1907,42,1865,60.00
80490,1907,45,1862,60.00
80855,1907,30,1877,60.00
80961,1907,25,1882,60.00
81058,1907,35,1872,60.00
81286,1907,34,1873,60.00
81299,1907,40,1867,60.00
81589,1907,40,1867,60.00
81696,1907,42,1865,60.00
81734,1907,44,1863,60.00
81847,1907,50,1857,60.00
82015,1907,55,1852,60.00
82036,1907,60,1847,60.00
82073,1907,25,1882,60.00
82256,1908,49,1859,60.00
82290,1908,42,1866,60.00
82397,1908,29,1879,60.00
82468,1908,34,1874,60.00
82546,1908,45,1863,60.00
82624,1908,76,1832,60.00
83073,1908,52,1856,60.00
83689,1908,34,1874,60.00
83823,1908,59,1849,60.00
83964,1908,79,1829,60.00
84008,1908,33,1875,60.00
84588,1908,41,1867,60.00
84589,1908,65,1843,60.00
84894,1908,54,1854,60.00
84895,1908,51,1857,60.00
84967,1908,21,1887,60.00
85201,1908,37,1871,60.00
85540,1908,21,1887,60.00
85639,1908,50,1858,60.00
85852,1908,34,1874,60.00
85990,1908,54,1854,60.00
86149,1908,41,1867,60.00
86201,1908,27,1881,60.00
86254,1908,34,1874,60.00
86373,1908,26,1882,60.00
86644,1908,30,1878,60.00
86859,1908,29,1879,60.00
87049,1909,28,1881,60.00
87110,1909,41,1868,60.00
87171,1908,27,1881,60.00
87355,1909,25,1884,60.00
87683,1909,38,1871,60.00
87721,1909,39,1870,60.00
87788,1909,68,1841,60.00
88420,1909,36,1873,60.00
88448,1909,69,1840,60.00
88822,1909,58,1851,60.00
89020,1909,48,1861,60.00
89427,1909,43,1866,60.00
89534,1909,43,1866,60.00
89672,1909,45,1864,60.00
89914,1909,23,1886,60.00
89986,1909,52,1857,60.00
90172,1909,25,1884,60.00
90289,1909,30,1879,60.00
90332,1909,51,1858,60.00
90573,1909,27,1882,60.00
90575,1909,35,1874,60.00
90629,1909,34,1875,60.00
91217,1909,27,1882,60.00
91311,1909,53,1856,60.00
91350,1909,51,1858,60.00
91607,1909,60,1849,60.00
91732,1909,40,1869,60.00
92144,1909,42,1867,60.00
92317,1909,45,1864,60.00
92960,1910,44,1866,60.00
92961,1910,66,1844,60.00
92962,1910,42,1868,60.00
93132,1910,28,1882,60.00
93203,1910,39,1871,60.00
93335,1910,35,1875,60.00
93480,1910,48,1862,60.00
93651,1910,79,1831,60.00
93653,1910,40,1870,60.00
93908,1910,47,1863,60.00
93962,1910,19,1891,60.00
94086,1910,24,1886,60.00
94131,1910,27,1883,60.00
94330,1910,33,1877,60.00
95268,1910,49,1861,60.00
95840,1910,22,1888,60.00
96145,1910,64,1846,60.00
96247,1910,32,1878,60.00
96452,1910,24,1886,60.00
97221,1910,67,1843,60.00
97922,1911,34,1877,60.00
98079,1911,34,1877,60.00
98249,1911,26,1885,60.00
98271,1911,42,1869,60.00
98418,1911,71,1840,60.00
98948,1911,48,1863,60.00
98952,1911,56,1855,60.00
99605,1911,51,1860,60.00
99747,1911,43,1868,60.00
99783,1911,23,1888,60.00
99903,1911,27,1884,60.00
100629,1911,34,1877,60.00
102025,1911,48,1863,60.00
102136,1911,38,1873,60.00
102400,1911,70,1841,60.00
102561,1911,19,1892,60.00
103159,1912,22,1890,60.00
103806,1912,45,1867,60.00
104055,1912,59,1853,60.00
104413,1912,46,1866,60.00
104850,1912,36,1876,60.00
104905,1912,24,1888,60.00
105316,1912,39,1873,60.00
105479,1912,48,1864,60.00
105540,1912,28,1884,60.00
105937,1912,33,1879,60.00
105941,1912,22,1890,60.00
105998,1912,43,1869,60.00
106060,1912,46,1866,60.00
106241,1912,29,1883,60.00
106243,1912,32,1880,60.00
106296,1912,38,1874,60.00
106914,1912,72,1840,60.00
107066,1912,46,1866,60.00
107089,1912,59,1853,60.00
107552,1912,36,1876,60.00
107702,1912,21,1891,60.00
107740,1912,29,1883,60.00
107758,1912,24,1888,60.00
108112,1913,50,1863,60.00
108178,1913,57,1856,60.00
108664,1913,31,1882,60.00
108887,1913,47,1866,60.00
108955,1913,41,1872,60.00
109379,1913,44,1869,60.00
109866,1913,29,1884,60.00
110549,1913,38,1875,60.00
110818,1913,44,1869,60.00
111324,1913,22,1891,60.00
111378,1913,47,1866,60.00
111848,1913,41,1872,60.00
111928,1913,53,1860,60.00
111937,1913,25,1888,60.00
111943,1913,27,1886,60.00
112007,1913,22,1891,60.00
112122,1913,25,1888,60.00
112192,1913,43,1870,60.00
112426,1914,72,1842,60.00
112544,1914,48,1866,60.00
112817,1914,69,1845,60.00
112896,1914,35,1879,60.00
113112,1914,18,1896,60.00
113351,1914,48,1866,60.00
113433,1914,28,1886,60.00
114321,1914,25,1889,60.00
114478,1914,28,1886,60.00
114655,1914,56,1858,60.00
114918,1914,25,1889,60.00
114958,1914,59,1855,60.00
115125,1914,30,1884,60.00
115529,1914,50,1864,60.00
115824,1914,54,1860,60.00
115853,1914,61,1853,60.00
115880,1914,36,1878,60.00
115902,1914,50,1864,60.00
116034,1914,59,1855,60.00
116192,1914,51,1863,60.00
116193,1914,48,1866,60.00
116584,1914,27,1887,60.00
117818,1915,47,1868,60.00
117923,1915,75,1840,60.00
118154,1915,46,1869,60.00
118519,1915,69,1846,60.00
118520,1915,41,1874,60.00
118595,1915,57,1858,60.00
118855,1915,31,1884,60.00
118995,1915,51,1864,60.00
119251,1915,57,1858,60.00
119324,1915,38,1877,60.00
119516,1915,23,1892,60.00
119531,1915,42,1873,60.00
119613,1915,57,1858,60.00
119667,1916,31,1885,60.00
119865,1916,73,1843,60.00
120053,1916,39,1877,60.00
120154,1916,41,1875,60.00
120415,1916,37,1879,60.00
120641,1916,36,1880,60.00
120728,1916,31,1885,60.00
120767,1916,37,1879,60.00
121041,1916,35,1881,60.00
121376,1916,40,1876,60.00
121550,1917,32,1885,60.00
121618,1917,49,1868,60.00
121748,1917,40,1877,60.00
122154,1917,38,1879,60.00
122186,1917,40,1877,60.00
122379,1917,70,1847,60.00
122456,1917,30,1887,60.00
122567,1917,34,1883,60.00
122657,1917,28,1889,60.00
122720,1917,36,1881,60.00
122730,1917,58,1859,60.00
123044,1917,28,1889,60.00
123075,1917,50,1867,60.00
123354,1918,55,1863,60.00
123381,1918,62,1856,60.00
123479,1918,37,1881,60.00
123734,1918,33,1885,60.00
123911,1918,41,1877,60.00
124196,1918,32,1886,60.00
124353,1918,53,1865,60.00
124539,1919,49,1870,60.00
124654,1919,63,1856,60.00
124736,1919,39,1880,60.00
124814,1919,37,1882,60.00
124931,1919,22,1897,60.00
125188,1919,38,1881,60.00
125291,1919,33,1886,60.00
125304,1919,73,1846,60.00
126010,1920,39,1881,60.00
126105,1920,41,1879,60.00
126199,1920,20,1900,60.00
126257,1920,35,1885,60.00
126539,1920,28,1892,60.00
126649,1920,28,1892,60.00
126853,1920,24,1896,60.00
127111,1921,30,1891,60.00
127551,1921,37,1884,60.00
127754,1921,23,1898,60.00
127837,1921,61,1860,60.00
127838,1921,23,1898,60.00
127839,1921,38,1883,60.00
127919,1921,34,1887,60.00
128052,1921,43,1878,60.00
128213,1921,53,1868,60.00
128404,1921,24,1897,60.00
128464,1921,34,1887,60.00
128560,1921,39,1882,60.00
128697,1921,51,1870,60.00
128740,1921,60,1861,60.00
129011,1922,31,1891,60.00
129012,1922,61,1861,60.00
129051,1922,38,1884,60.00
129576,1922,47,1875,60.00
129697,1922,22,1900,60.00
129736,1922,50,1872,60.00
129933,1922,34,1888,60.00
130344,1922,62,1860,60.00
130446,1922,40,1882,60.00
130521,1922,32,1890,60.00
130552,1922,35,1887,60.00
131131,1923,60,1863,60.00
131462,1923,48,1875,60.00
131595,1923,27,1896,60.00
131818,1923,24,1899,60.00
132329,1923,52,1871,60.00
132580,1924,34,1890,60.00
132835,1924,47,1877,60.00
132926,1924,32,1892,60.00
133180,1924,57,1867,60.00
133287,1924,24,1900,60.00
133358,1924,24,1900,60.00
133459,1924,50,1874,60.00
133725,1924,37,1887,60.00
134087,1924,33,1891,60.00
134186,1924,46,1878,60.00
134357,1925,27,1898,60.00
134721,1925,41,1884,60.00
134755,1925,57,1868,60.00
135347,1925,29,1896,60.00
135378,1925,35,1890,60.00
135800,1925,21,1904,60.00
778,1881,43,1838,60.25
1962,1881,41,1840,60.25
3117,1881,44,1837,60.25
3207,1881,30,1851,60.25
3867,1881,45,1836,60.25
4243,1882,34,1848,60.25
4329,1882,61,1821,60.25
4661,1882,35,1847,60.25
4774,1882,20,1862,60.25
4844,1882,24,1858,60.25
4894,1882,19,1863,60.25
4929,1882,29,1853,60.25
5336,1882,42,1840,60.25
7023,1882,17,1865,60.25
7089,1882,52,1830 ,60.25
7173,1882,19,1863,60.25
7670,1882,41,1841,60.25
7913,1882,19,1863,60.25
8168,1882,47,1835,60.25
8466,1882,47,1835,60.25
9007,1889,41,1848,60.25
10223,1889,31,1858,60.25
10295,1889,19,1870,60.25
10311,1889,27,1862,60.25
10350,1889,26,1863,60.25
11109,1889,53,1836,60.25
12228,1889,59,1830,60.25
12738,1890,48,1842,60.25
12967,1890,24,1866,60.25
13535,1890,20,1870,60.25
13864,1890,37,1853,60.25
14350,1890,58,1832,60.25
14381,1890,26,1864,60.25
14800,1890,30,1860,60.25
15020,1890,29,1861,60.25
15146,1890,53,1837,60.25
16330,1890,60,1830,60.25
16348,1890,53,1837,60.25
17257,1891,39,1852,60.25
17269,1891,19,1872,60.25
18045,1891,17,1874,60.25
19144,1891,61,1830,60.25
19609,1892,45,1847,60.25
19618,1892,55,1837,60.25
19765,1892,29,1863,60.25
20035,1892,24,1868,60.25
20403,1892,23,1869,60.25
20729,1892,45,1847,60.25
21077,1892,27,1865,60.25
21304,1892,40,1852,60.25
21626,1892,40,1852,60.25
21665,1892,30,1862,60.25
21834,1892,42,1850,60.25
22104,1892,20,1872,60.25
24267,1893,45,1848,60.25
24607,1893,33,1860,60.25
25859,1893,34,1859,60.25
27831,1894,25,1869,60.25
29272,1894,28,1866,60.25
29344,1894,44,1850,60.25
31757,1895,48,1847,60.25
32580,1895,30,1865,60.25
33438,1895,30,1865,60.25
35539,1896,27,1869,60.25
35704,1896,73,1823,60.25
35960,1896,31,1865,60.25
36099,1896,45,1851,60.25
36517,1896,26,1870,60.25
36748,1896,44,1852,60.25
36900,1896,27,1869,60.25
37003,1896,25,1871,60.25
37095,1896,19,1877,60.25
38090,1896,21,1875,60.25
39795,1897,63,1834,60.25
40038,1897,37,1860,60.25
40161,1897,31,1866,60.25
41587,1897,33,1864,60.25
42766,1898,33,1865,60.25
43865,1898,22,1876,60.25
44181,1898,34,1864,60.25
45941,1898,26,1872,60.25
47148,1899,32,1867,60.25
49094,1899,20,1879,60.25
49879,1899,28,1871,60.25
50083,1900,26,1874,60.25
51290,1900,36,1864,60.25
52872,1900,40,1860,60.25
53363,1900,47,1853,60.25
53367,1900,39,1861,60.25
53610,1901,36,1865,60.25
53611,1901,30,1871,60.25
53780,1901,28,1873,60.25
53808,1901,28,1873,60.25
54116,1901,20,1881,60.25
54338,1901,33,1868,60.25
54429,1901,61,1840,60.25
54491,1901,36,1865,60.25
54574,1901,52,1849,60.25
54732,1901,36,1865,60.25
55240,1901,26,1875,60.25
55331,1901,35,1866,60.25
55452,1901,36,1865,60.25
55914,1901,29,1872,60.25
56800,1901,30,1871,60.25
57490,1902,39,1863,60.25
57813,1902,33,1869,60.25
58099,1902,38,1864,60.25
58346,1902,19,1883,60.25
58388,1902,41,1861,60.25
58502,1902,42,1860,60.25
58850,1902,64,1838,60.25
58956,1902,57,1845,60.25
61138,1903,37,1866,60.25
63881,1903,54,1849,60.25
63882,1903,43,1860,60.25
65201,1904,27,1877,60.25
66158,1904,45,1859,60.25
67546,1904,21,1883,60.25
68669,1905,41,1864,60.25
68791,1905,43,1862,60.25
69576,1905,20,1885,60.25
69650,1905,62,1843,60.25
71470,1905,29,1876,60.25
71473,1905,25,1880,60.25
73772,1906,28,1878,60.25
73907,1906,22,1884,60.25
75812,1906,31,1875,60.25
75881,1906,21,1885,60.25
76214,1906,34,1872,60.25
78031,1907,35,1872,60.25
78253,1907,26,1881,60.25
78385,1907,30,1877,60.25
78658,1907,57,1850,60.25
78885,1907,22,1885,60.25
82257,1908,44,1864,60.25
82351,1908,37,1871,60.25
82935,1908,36,1872,60.25
83333,1908,55,1853,60.25
85301,1908,24,1884,60.25
85418,1908,36,1872,60.25
86374,1908,17,1891,60.25
87111,1909,22,1887,60.25
87176,1909,42,1867,60.25
87409,1909,44,1865,60.25
88521,1909,36,1873,60.25
89637,1909,20,1889,60.25
89915,1909,43,1866,60.25
92476,1910,41,1869,60.25
93238,1910,36,1874,60.25
93910,1910,33,1877,60.25
94085,1910,32,1878,60.25
94423,1910,34,1876,60.25
95532,1910,31,1879,60.25
95837,1910,24,1886,60.25
96094,1910,23,1887,60.25
96939,1910,37,1873,60.25
99257,1911,25,1886,60.25
100072,1911,54,1857,60.25
105621,1912,41,1871,60.25
107664,1912,48,1864,60.25
110607,1913,23,1890,60.25
113213,1914,32,1882,60.25
113393,1914,30,1884,60.25
115071,1914,24,1890,60.25
118214,1915,26,1889,60.25
121808,1917,29,1888,60.25
121967,1917,41,1876,60.25
124071,1918,26,1892,60.25
126018,1920,51,1869,60.25
126275,1920,48,1872,60.25
126439,1920,61,1859,60.25
127527,1921,27,1894,60.25
130224,1922,31,1891,60.25
21,1881,17,1864,60.50
150,1881,53,1828,60.50
177,1881,41,1840,60.50
357,1881,24,1857,60.50
530,1881,47,1834,60.50
535,1881,56,1825,60.50
562,1881,37,1844,60.50
573,1881,24,1857,60.50
678,1881,28,1853,60.50
716,1881,56,1825,60.50
751,1881,29,1852,60.50
858,1881,46,1835,60.50
872,1881,39,1842,60.50
890,1881,17,1864,60.50
1060,1881,34,1847,60.50
1097,1881,18,1863,60.50
1289,1881,39,1842,60.50
1367,1881,32,1849,60.50
1461,1881,19,1862,60.50
1632,1881,31,1850,60.50
1648,1881,36,1845,60.50
1681,1881,24,1857,60.50
1696,1881,41,1840,60.50
1747,1881,22,1859,60.50
1766,1881,36,1845,60.50
1961,1881,35,1846,60.50
2001,1881,39,1842,60.50
2031,1881,25,1856,60.50
2118,1881,42,1839,60.50
2401,1881,61,1820,60.50
2407,1881,30,1851 ,60.50
2483,1881,34,1847,60.50
2709,1881,23,1858,60.50
2871,1881,47,1834,60.50
2968,1881,30,1851,60.50
3048,1881,24,1857,60.50
3167,1881,44,1837,60.50
3243,1881,29,1852,60.50
3332,1881,51,1830,60.50
3477,1881,57,1824,60.50
3514,1881,20,1861,60.50
3571,1881,49,1832,60.50
3843,1881,46,1835,60.50
4003,1881,68,1813,60.50
4079,1881,24,1857,60.50
4202,1882,22,1860,60.50
4437,1882,32,1850,60.50
4511,1882,20,1862,60.50
4514,1882,28,1854,60.50
4654,1882,25,1857,60.50
4678,1882,56,1826,60.50
4704,1882,26,1856,60.50
4755,1882,40,1842,60.50
4771,1882,21,1861,60.50
4864,1882,41,1841,60.50
4939,1882,48,1834,60.50
5229,1882,22,1860,60.50
5556,1882,57,1825,60.50
5561,1882,35,1847,60.50
5588,1882,42,1840,60.50
5619,1882,41,1841,60.50
5697,1881,35,1846,60.50
5720,1882,26,1856,60.50
6069,1882,22,1860,60.50
6179,1882,44,1838,60.50
6617,1882,41,1841,60.50
6677,1882,34,1848,60.50
6732,1882,20,1862,60.50
6775,1882,28,1854,60.50
6813,1882,48,1834,60.50
6874,1882,23,1859,60.50
7090,1882,48,1834,60.50
7323,1882,21,1861,60.50
7363,1882,27,1855,60.50
7589,1882,41,1841,60.50
7964,1882,42,1840,60.50
8117,1882,27,1855,60.50
8329,1882,31,1851,60.50
8412,1882,30,1852,60.50
8552,1889,27,1862,60.50
8697,1889,29,1860,60.50
8790,1889,52,1837,60.50
8969,1889,53,1836,60.50
9152,1889,69,1820,60.50
9288,1889,43,1846,60.50
9412,1889,24,1865,60.50
9427,1889,51,1838,60.50
9432,1889,33,1856,60.50
9463,1889,27,1862,60.50
9724,1889,22,1867,60.50
9809,1889,20,1869,60.50
9829,1889,33,1856,60.50
9942,1889,42,1847,60.50
10041,1889,39,1850,60.50
10045,1889,27,1862,60.50
10208,1889,31,1858,60.50
10333,1889,34,1855,60.50
10471,1889,50,1839,60.50
10660,1889,26,1863,60.50
10787,1889,37,1852,60.50
11246,1889,26,1863,60.50
11290,1889,29,1860,60.50
11345,1889,38,1851,60.50
11371,1889,80,1809,60.50
11439,1889,41,1848,60.50
11587,1889,34,1855,60.50
11751,1889,31,1858,60.50
11774,1889,49,1840,60.50
11921,1889,40,1849,60.50
11932,1889,21,1868,60.50
12031,1889,29,1860,60.50
12116,1889,35,1854,60.50
12176,1889,27,1862,60.50
12334,1889,51,1838,60.50
12462,1889,38,1851,60.50
12495,1890,70,1820,60.50
12878,1890,49,1841,60.50
12951,1890,44,1846,60.50
13054,1890,49,1841,60.50
13222,1890,41,1849,60.50
13311,1890,80,1810,60.50
13373,1890,29,1861,60.50
13499,1890,24,1866,60.50
13673,1890,42,1848,60.50
13751,1890,38,1852,60.50
14007,1890,40,1850,60.50
14240,1890,34,1856,60.50
14343,1890,54,1836,60.50
14416,1890,52,1838,60.50
14467,1890,27,1863,60.50
14485,1890,30,1860,60.50
14547,1890,60,1830,60.50
14707,1890,24,1866,60.50
14862,1890,37,1853,60.50
14896,1890,32,1858,60.50
14959,1890,67,1823,60.50
15006,1890,39,1851,60.50
15017,1890,78,1812,60.50
15164,1890,40,1850,60.50
15186,1890,41,1849,60.50
15739,1890,60,1830,60.50
15884,1890,54,1836,60.50
15886,1890,24,1866,60.50
15898,1890,51,1839,60.50
16018,1890,37,1853,60.50
16084,1890,43,1847,60.50
16427,1890,48,1842,60.50
16516,1890,43,1847,60.50
16607,1890,60,1830,60.50
16618,1890,20,1870,60.50
16877,1891,25,1866,60.50
17054,1891,68,1823,60.50
17096,1891,44,1847,60.50
17107,1891,44,1847,60.50
17203,1891,30,1861,60.50
17286,1891,26,1865,60.50
17304,1891,30,1861,60.50
17403,1891,46,1845,60.50
17425,1891,50,1841,60.50
17484,1891,28,1863,60.50
17633,1891,42,1849,60.50
17824,1891,59,1832,60.50
17897,1891,51,1840,60.50
18056,1891,29,1862,60.50
18077,1891,31,1860,60.50
18090,1891,72,1819,60.50
18100,1891,23,1868,60.50
18153,1891,38,1853,60.50
18505,1891,29,1862,60.50
18546,1891,45,1846,60.50
18676,1891,65,1826,60.50
18770,1891,54,1837,60.50
19100,1891,43,1848,60.50
19155,1891,44,1847,60.50
19164,1891,28,1863,60.50
19391,1891,36,1855,60.50
19407,1891,26,1865,60.50
19685,1892,21,1871,60.50
19761,1892,30,1862,60.50
19783,1892,22,1870,60.50
19793,1892,70,1822,60.50
19814,1892,46,1846,60.50
20180,1892,42,1850,60.50
20236,1892,64,1828,60.50
20457,1892,28,1864,60.50
20463,1892,38,1854,60.50
20506,1892,65,1827,60.50
20529,1892,51,1841,60.50
20813,1892,30,1862,60.50
21085,1892,82,1810,60.50
21086,1892,26,1866,60.50
21239,1892,28,1864,60.50
21403,1892,35,1857,60.50
21457,1892,33,1859,60.50
21706,1892,53,1839,60.50
21765,1892,31,1861,60.50
21934,1892,43,1849,60.50
22048,1892,18,1874,60.50
22068,1892,33,1859,60.50
22163,1892,54,1838,60.50
22692,1892,58,1834,60.50
22789,1892,62,1830,60.50
22842,1892,26,1866,60.50
23285,1893,20,1873,60.50
23365,1893,62,1831,60.50
23501,1893,43,1850,60.50
24860,1893,32,1861,60.50
24962,1893,28,1865,60.50
25353,1893,23,1870,60.50
25473,1893,30,1863,60.50
25881,1893,33,1860,60.50
25918,1893,35,1858,60.50
25922,1893,24,1869,60.50
26454,1893,59,1834,60.50
26610,1893,44,1849,60.50
26654,1893,24,1869,60.50
26690,1893,20,1873,60.50
26807,1893,34,1859,60.50
26900,1893,25,1868,60.50
27634,1894,48,1846,60.50
27776,1894,42,1852,60.50
27929,1894,53,1841,60.50
27950,1894,43,1851,60.50
28108,1894,19,1875,60.50
28280,1894,29,1865,60.50
28785,1894,65,1829,60.50
28909,1894,49,1845,60.50
29006,1894,27,1867,60.50
29111,1894,54,1840,60.50
29267,1894,33,1861,60.50
29472,1894,26,1868,60.50
29495,1894,29,1865,60.50
30069,1894,49,1845,60.50
30126,1894,59,1835,60.50
30140,1894,35,1859,60.50
30387,1894,40,1854,60.50
30423,1894,40,1854,60.50
30577,1894,21,1873,60.50
30629,1894,39,1855,60.50
30756,1894,55,1839,60.50
30966,1895,24,1871,60.50
31006,1895,31,1864,60.50
31145,1895,67,1828,60.50
31160,1895,47,1848,60.50
31235,1895,55,1840,60.50
31507,1895,55,1840,60.50
31769,1895,21,1874 ,60.50
32309,1895,30,1865,60.50
32427,1895,25,1870,60.50
32572,1895,33,1862,60.50
33154,1895,31,1864,60.50
33539,1895,38,1857,60.50
33562,1895,33,1862,60.50
34298,1895,29,1866,60.50
34514,1895,45,1850,60.50
34526,1895,52,1843,60.50
35028,1896,42,1854,60.50
35033,1896,18,1878,60.50
35435,1896,30,1866,60.50
35701,1896,8,1888,60.50
35834,1896,20,1876,60.50
36595,1896,25,1871,60.50
36817,1896,50,1846,60.50
36904,1896,38,1858,60.50
37211,1896,28,1868,60.50
37373,1896,53,1843,60.50
37400,1896,39,1857,60.50
37479,1896,28,1868,60.50
37903,1896,44,1852,60.50
38017,1896,47,1849,60.50
38113,1896,38,1858,60.50
38231,1896,38,1858,60.50
38350,1896,25,1871,60.50
38351,1896,50,1846,60.50
38352,1896,20,1876,60.50
38353,1896,46,1850,60.50
38519,1896,29,1867,60.50
38716,1896,26,1870,60.50
39028,1897,23,1874,60.50
39258,1897,45,1852,60.50
39589,1897,43,1854,60.50
39706,1897,33,1864,60.50
40268,1897,48,1849,60.50
40313,1897,33,1864,60.50
40739,1897,29,1868,60.50
40818,1897,48,1849,60.50
40892,1897,23,1874,60.50
40893,1897,25,1872,60.50
40967,1897,46,1851,60.50
41172,1897,26,1871,60.50
41234,1897,38,1859,60.50
41239,1897,26,1871,60.50
41479,1897,43,1854,60.50
41621,1897,13,1884,60.50
42136,1897,22,1875,60.50
42303,1897,27,1870,60.50
42494,1898,49,1849,60.50
42610,1898,38,1860,60.50
42705,1898,26,1872,60.50
43022,1898,53,1845,60.50
43649,1898,34,1864,60.50
43651,1898,31,1867,60.50
43861,1898,44,1854,60.50
43862,1898,26,1872,60.50
43863,1898,24,1874,60.50
43868,1898,35,1863,60.50
44140,1898,26,1872,60.50
44291,1898,31,1867,60.50
44386,1898,31,1867,60.50
44496,1898,37,1861,60.50
44498,1898,38,1860,60.50
44638,1898,40,1858,60.50
44842,1898,22,1876,60.50
45313,1898,68,1830,60.50
45590,1898,66,1832,60.50
45756,1898,30,1868,60.50
46011,1898,49,1849,60.50
46117,1898,23,1875,60.50
46254,1898,29,1869,60.50
46828,1899,23,1876,60.50
47145,1899,32,1867,60.50
47378,1899,25,1874,60.50
47459,1899,60,1839,60.50
47460,1899,25,1874,60.50
47551,1899,25,1874,60.50
47907,1899,22,1877,60.50
48274,1899,31,1868,60.50
48654,1899,29,1870,60.50
48986,1899,19,1880,60.50
49517,1899,35,1864,60.50
49967,1899,22,1877,60.50
50310,1900,39,1861,60.50
50532,1900,36,1864,60.50
50537,1900,31,1869,60.50
50618,1900,30,1870,60.50
50810,1900,30,1870,60.50
51223,1900,45,1855,60.50
51289,1900,26,1874,60.50
51393,1900,47,1853,60.50
51396,1900,60,1840,60.50
51659,1900,42,1858,60.50
52087,1900,28,1872,60.50
52140,1900,25,1875,60.50
52183,1900,31,1869,60.50
52499,1900,38,1862,60.50
52842,1900,30,1870,60.50
52962,1900,22,1878,60.50
53129,1900,65,1835,60.50
53238,1900,23,1877,60.50
53609,1901,32,1869,60.50
54066,1901,17,1884,60.50
54414,1901,37,1864,60.50
54671,1901,45,1856,60.50
54674,1901,53,1848,60.50
54962,1901,39,1862,60.50
55328,1901,39,1862,60.50
56453,1901,40,1861,60.50
56601,1901,40,1861,60.50
56714,1901,50,1851,60.50
57834,1902,28,1874,60.50
58129,1902,43,1859,60.50
58421,1902,29,1873,60.50
58488,1902,32,1870,60.50
58616,1902,50,1852,60.50
58869,1902,29,1873,60.50
60296,1902,28,1874,60.50
60923,1903,31,1872,60.50
61028,1903,30,1873,60.50
61142,1903,44,1859,60.50
61261,1903,31,1872,60.50
61323,1903,26,1877,60.50
61446,1903,55,1848,60.50
61929,1903,23,1880,60.50
61954,1903,44,1859,60.50
62108,1903,58,1845,60.50
62369,1903,22,1881,60.50
62389,1903,36,1867,60.50
63188,1903,22,1881,60.50
63366,1903,26,1877,60.50
63656,1903,31,1872,60.50
64302,1904,39,1865,60.50
64401,1904,26,1878,60.50
64458,1904,41,1863,60.50
65188,1904,35,1869,60.50
65345,1904,37,1867,60.50
65364,1904,33,1871,60.50
65797,1904,29,1875,60.50
66260,1904,64,1840,60.50
66341,1904,69,1835,60.50
66713,1904,25,1879,60.50
66788,1904,51,1853,60.50
66944,1904,22,1882,60.50
67086,1904,26,1878,60.50
67630,1904,23,1881,60.50
67793,1904,29,1875,60.50
67835,1904,37,1867,60.50
68095,1904,50,1854,60.50
68670,1905,34,1871,60.50
69214,1905,51,1854,60.50
69218,1905,46,1859,60.50
69508,1905,33,1872,60.50
70316,1905,60,1845,60.50
70608,1905,45,1860,60.50
70823,1905,47,1858,60.50
71478,1905,65,1840,60.50
72492,1905,44,1861,60.50
72612,1905,58,1847,60.50
72639,1905,53,1852,60.50
72656,1905,58,1847,60.50
73594,1906,63,1843,60.50
73597,1906,47,1859,60.50
73994,1906,34,1872,60.50
74232,1906,25,1881,60.50
74236,1906,26,1880,60.50
74558,1906,30,1876,60.50
74601,1906,21,1885,60.50
74985,1906,22,1884,60.50
74988,1906,40,1866,60.50
75598,1906,27,1879,60.50
75882,1906,63,1843,60.50
76021,1906,33,1873,60.50
76043,1906,57,1849,60.50
76081,1906,56,1850,60.50
76265,1906,39,1867,60.50
76415,1906,49,1857,60.50
76494,1906,41,1865,60.50
77386,1907,22,1885,60.50
77494,1907,62,1845,60.50
77796,1907,37,1870,60.50
77925,1907,45,1862,60.50
78779,1907,18,1889,60.50
79431,1907,47,1860,60.50
80157,1907,34,1873,60.50
80540,1907,22,1885,60.50
80541,1907,28,1879,60.50
80902,1907,22,1885,60.50
81341,1907,31,1876,60.50
81568,1907,59,1848,60.50
81614,1907,29,1878,60.50
81816,1907,24,1883,60.50
81818,1907,23,1884,60.50
82183,1907,44,1863,60.50
82646,1908,71,1837,60.50
82937,1908,45,1863,60.50
83213,1908,30,1878,60.50
83328,1908,46,1862,60.50
83553,1908,35,1873,60.50
83932,1908,46,1862,60.50
84005,1908,33,1875,60.50
85134,1908,51,1857,60.50
85534,1908,36,1872,60.50
85754,1908,45,1863,60.50
86030,1908,50,1858,60.50
86200,1908,25,1883,60.50
86832,1908,31,1877,60.50
87050,1909,41,1868,60.50
87089,1909,40,1869,60.50
87252,1909,33,1876,60.50
87882,1909,52,1857,60.50
88224,1909,36,1873,60.50
88918,1909,26,1883,60.50
89676,1909,51,1858,60.50
90322,1909,28,1881,60.50
90504,1909,25,1884,60.50
90676,1909,31,1878,60.50
91154,1909,26,1883,60.50
91285,1909,42,1867,60.50
91908,1909,32,1877,60.50
91911,1909,54,1855,60.50
92214,1909,23,1886,60.50
92350,1910,25,1885,60.50
93239,1910,21,1889,60.50
93445,1910,64,1846,60.50
93652,1910,45,1865,60.50
93659,1910,46,1864,60.50
93795,1910,53,1857,60.50
93833,1910,40,1870,60.50
94223,1910,46,1864,60.50
94944,1910,27,1883,60.50
94945,1910,42,1868,60.50
96144,1910,27,1883,60.50
96935,1910,24,1886,60.50
97057,1910,75,1835,60.50
97442,1910,25,1885,60.50
98248,1911,54,1857,60.50
98251,1911,33,1878,60.50
98469,1911,59,1852,60.50
101093,1911,52,1859,60.50
101335,1911,46,1865,60.50
101655,1911,33,1878,60.50
101984,1911,28,1883,60.50
102675,1911,39,1872,60.50
103160,1912,20,1892,60.50
103629,1912,57,1855,60.50
104458,1912,26,1886,60.50
104574,1912,35,1877,60.50
105535,1912,26,1886,60.50
106824,1912,44,1868,60.50
107033,1912,31,1881,60.50
107313,1912,41,1871,60.50
107314,1912,64,1848,60.50
108785,1913,30,1883,60.50
108884,1913,59,1854,60.50
109742,1913,45,1868,60.50
110012,1913,43,1870,60.50
111045,1913,32,1881,60.50
111355,1913,39,1874,60.50
112005,1913,36,1877,60.50
112065,1913,67,1846,60.50
112233,1913,36,1877,60.50
112362,1913,44,1869,60.50
113701,1914,26,1888,60.50
114272,1914,40,1874,60.50
114656,1914,52,1862,60.50
115711,1914,53,1861,60.50
116371,1914,36,1878,60.50
117447,1915,51,1864,60.50
118215,1915,33,1882,60.50
118290,1915,29,1886,60.50
118518,1915,23,1892,60.50
118594,1915,50,1865,60.50
118854,1915,69,1846,60.50
119024,1915,26,1889,60.50
119837,1916,25,1891,60.50
119840,1916,43,1873,60.50
120091,1916,29,1887,60.50
122763,1917,42,1875,60.50
123242,1918,59,1859,60.50
123424,1918,53,1865,60.50
123640,1918,24,1894,60.50
123724,1918,39,1879,60.50
124252,1918,43,1875,60.50
124478,1919,36,1883,60.50
124886,1919,31,1888,60.50
124973,1919,18,1901,60.50
125030,1919,43,1876,60.50
125909,1920,46,1874,60.50
126376,1920,49,1871,60.50
128001,1921,37,1884,60.50
128143,1921,59,1862,60.50
128980,1922,56,1866,60.50
129706,1922,48,1874,60.50
130393,1922,48,1874,60.50
130522,1922,33,1889,60.50
131141,1923,61,1862,60.50
133284,1924,32,1892,60.50
133476,1924,32,1892,60.50
133759,1924,57,1867,60.50
134539,1925,29,1896,60.50
91,1881,26,1855,60.75
291,1881,31,1850,60.75
473,1881,41,1840,60.75
2116,1881,18,1863,60.75
2729,1881,37,1844,60.75
2819,1881,19,1862,60.75
3007,1881,34,1847,60.75
3077,1881,60,1821,60.75
3096,1881,56,1825,60.75
3261,1881,23,1858,60.75
3612,1881,55,1826,60.75
3845,1881,55,1826,60.75
4176,1881,61,1820,60.75
4338,1882,40,1842,60.75
4496,1882,25,1857,60.75
5346,1882,18,1864,60.75
5414,1882,47,1835,60.75
6123,1882,63,1819,60.75
6692,1882,32,1850,60.75
6939,1882,44,1838,60.75
6956,1882,43,1839,60.75
7212,1882,49,1833,60.75
7457,1882,30,1852,60.75
8141,1882,21,1861,60.75
8662,1889,53,1836,60.75
9255,1889,27,1862,60.75
10458,1889,24,1865,60.75
11343,1889,47,1842,60.75
11541,1889,19,1870,60.75
11699,1889,37,1852,60.75
12780,1890,19,1871,60.75
12998,1890,30,1860,60.75
13164,1890,24,1866,60.75
13348,1890,20,1870,60.75
13596,1890,24,1866,60.75
14014,1890,45,1845,60.75
14145,1890,27,1863,60.75
14320,1890,25,1865,60.75
14759,1890,24,1866,60.75
15147,1890,27,1863,60.75
15639,1890,21,1869,60.75
16294,1890,42,1848,60.75
16295,1890,30,1860,60.75
16533,1890,57,1833,60.75
17256,1891,26,1865,60.75
17357,1891,44,1847,60.75
17429,1891,28,1863,60.75
17568,1891,31,1860,60.75
18015,1891,38,1853,60.75
18294,1891,41,1850,60.75
18699,1891,40,1851,60.75
19281,1891,58,1833,60.75
19862,1892,28,1864,60.75
20021,1892,27,1865,60.75
20233,1892,30,1862,60.75
20482,1892,20,1872,60.75
20708,1892,27,1865,60.75
21878,1892,42,1850,60.75
22253,1892,24,1868,60.75
23513,1893,49,1844,60.75
24283,1893,31,1862,60.75
24865,1893,24,1869,60.75
25018,1893,56,1837,60.75
25587,1893,40,1853,60.75
25924,1893,39,1854,60.75
26074,1893,41,1852,60.75
27319,1894,30,1864,60.75
27678,1894,18,1876,60.75
28130,1894,28,1866 ,60.75
28530,1894,31,1863,60.75
28762,1894,57,1837,60.75
29643,1894,24,1870,60.75
30532,1894,30,1864,60.75
30798,1894,57,1837,60.75
32067,1895,55,1840,60.75
33519,1895,26,1869,60.75
34517,1895,33,1862,60.75
34645,1895,58,1837,60.75
35137,1896,55,1841,60.75
36178,1896,37,1859,60.75
36250,1896,26,1870,60.75
36314,1896,36,1860,60.75
38096,1896,27,1869,60.75
38270,1896,25,1871,60.75
38958,1897,20,1877,60.75
39587,1897,29,1868,60.75
41132,1897,26,1871,60.75
41899,1897,56,1841,60.75
42541,1898,45,1853,60.75
42964,1898,31,1867,60.75
43237,1898,35,1863,60.75
44389,1898,59,1839,60.75
44567,1898,38,1860,60.75
45689,1898,23,1875,60.75
46551,1899,43,1856,60.75
47144,1899,30,1869,60.75
47619,1899,26,1873,60.75
47877,1899,34,1865,60.75
48151,1899,20,1879,60.75
48264,1899,30,1869,60.75
49098,1899,22,1877,60.75
49401,1899,38,1861,60.75
49743,1899,28,1871,60.75
50158,1900,75,1825,60.75
50682,1900,34,1866,60.75
51071,1900,32,1868,60.75
51173,1900,21,1879,60.75
51446,1900,24,1876,60.75
52719,1900,28,1872,60.75
53708,1901,68,1833,60.75
53982,1901,51,1850,60.75
54271,1901,41,1860,60.75
54736,1901,25,1876,60.75
54917,1901,50,1851,60.75
55239,1901,27,1874,60.75
55592,1901,21,1880,60.75
55811,1901,39,1862,60.75
56012,1901,38,1863,60.75
56605,1901,49,1852,60.75
56942,1901,28,1873,60.75
58258,1902,25,1877,60.75
59042,1902,25,1877,60.75
59522,1902,36,1866,60.75
59769,1902,68,1834,60.75
60766,1903,70,1833,60.75
61327,1903,22,1881,60.75
62550,1903,32,1871,60.75
62850,1903,34,1869,60.75
63206,1903,51,1852,60.75
64668,1904,37,1867,60.75
64918,1904,22,1882,60.75
65801,1903,17,1886,60.75
66690,1904,42,1862,60.75
66766,1904,50,1854,60.75
66971,1904,56,1848,60.75
67267,1900,20,1880,60.75
68006,1904,36,1868,60.75
68159,1904,38,1866,60.75
71571,1905,20,1885,60.75
72252,1905,34,1871,60.75
72553,1905,28,1877,60.75
72818,1905,32,1873,60.75
74234,1906,52,1854,60.75
74827,1906,33,1873,60.75
75453,1906,38,1868,60.75
75937,1906,26,1880,60.75
76469,1906,29,1877,60.75
76857,1906,25,1881,60.75
77430,1907,46,1861,60.75
80801,1907,24,1883,60.75
80803,1907,33,1874,60.75
84205,1908,33,1875,60.75
85421,1908,39,1869,60.75
88229,1909,54,1855,60.75
90937,1909,62,1847,60.75
91076,1909,41,1868,60.75
94083,1910,47,1863,60.75
97497,1910,39,1871,60.75
98950,1911,32,1879,60.75
101106,1911,41,1870,60.75
101469,1911,25,1886,60.75
103973,1912,39,1873,60.75
108165,1913,52,1861,60.75
108784,1913,60,1853,60.75
109012,1913,23,1890,60.75
110935,1913,32,1881,60.75
111774,1913,42,1871,60.75
111775,1913,46,1867,60.75
111827,1913,51,1862,60.75
112120,1913,49,1864,60.75
113983,1914,30,1884,60.75
116372,1914,29,1885,60.75
118675,1915,27,1888,60.75
118930,1915,37,1878,60.75
120183,1916,22,1894,60.75
122197,1917,23,1894,60.75
126280,1920,60,1860,60.75
127452,1921,26,1895,60.75
128166,1921,41,1880,60.75
130088,1922,26,1896,60.75
132288,1923,28,1895,60.75
133857,1924,27,1897,60.75
36,1881,25,1856,61.00
41,1881,20,1861,61.00
107,1881,31,1850,61.00
155,1881,25,1856,61.00
164,1881,37,1844,61.00
194,1881,27,1854,61.00
421,1881,26,1855,61.00
466,1881,20,1861,61.00
507,1881,77,1804,61.00
635,1881,36,1845,61.00
638,1881,43,1838,61.00
765,1881,21,1860,61.00
846,1881,50,1831,61.00
849,1881,20,1861,61.00
999,1881,45,1836,61.00
1110,1881,32,1849,61.00
1268,1881,35,1846,61.00
1272,1881,38,1843,61.00
1339,1881,46,1835,61.00
1344,1881,30,1851,61.00
1374,1881,18,1863,61.00
1406,1881,19,1862,61.00
1415,1881,19,1862,61.00
1431,1881,35,1846,61.00
1646,1881,52,1829,61.00
1663,1881,17,1864,61.00
1669,1881,43,1838,61.00
1704,1881,44,1837,61.00
1773,1881,20,1861,61.00
1795,1881,45,1836,61.00
1849,1881,49,1832,61.00
1859,1881,34,1847,61.00
1866,1881,49,1832,61.00
1933,1881,36,1845,61.00
2029,1881,52,1829,61.00
2053,1881,31,1850,61.00
2084,1881,31,1850,61.00
2097,1881,50,1831,61.00
2134,1881,28,1853,61.00
2212,1881,33,1848,61.00
2272,1881,21,1860,61.00
2284,1881,19,1862,61.00
2310,1881,41,1840,61.00
2344,1881,36,1845,61.00
2504,1881,42,1839,61.00
2563,1881,41,1840,61.00
2639,1881,67,1814,61.00
2643,1881,43,1838,61.00
2646,1881,59,1822,61.00
2668,1881,39,1842,61.00
2780,1881,32,1849,61.00
2814,1881,36,1845,61.00
2901,1881,31,1850,61.00
2903,1881,48,1833,61.00
2917,1881,37,1844,61.00
2918,1881,41,1840,61.00
2976,1881,23,1858,61.00
3030,1881,38,1843,61.00
3033,1881,49,1832,61.00
3035,1881,29,1852,61.00
3100,1881,30,1851,61.00
3132,1881,39,1842,61.00
3205,1881,41,1840,61.00
3242,1881,17,1864,61.00
3260,1881,20,1861,61.00
3263,1881,41,1840,61.00
3316,1881,20,1861,61.00
3333,1881,22,1859,61.00
3406,1881,34,1847,61.00
3492,1881,23,1858,61.00
3516,1881,20,1861,61.00
3574,1881,46,1835,61.00
3598,1881,53,1828,61.00
3649,1881,35,1846,61.00
3677,1881,29,1852,61.00
3709,1881,18,1863,61.00
3712,1881,36,1845,61.00
3739,1881,29,1852,61.00
3769,1881,69,1812,61.00
3775,1881,46,1835,61.00
3855,1881,42,1839,61.00
3916,1881,29,1852,61.00
3989,1881,37,1844,61.00
4050,1881,38,1843,61.00
4102,1881,36,1845,61.00
4302,1882,20,1862,61.00
4333,1882,28,1854,61.00
4346,1882,51,1831,61.00
4347,1882,28,1854,61.00
4453,1882,49,1833,61.00
4507,1882,29,1853,61.00
4644,1882,21,1861,61.00
4805,1882,27,1855,61.00
4830,1882,22,1860,61.00
4855,1882,32,1850,61.00
4873,1882,78,1804,61.00
4882,1882,46,1836,61.00
4903,1882,23,1859,61.00
4904,1882,24,1858,61.00
4963,1882,29,1853,61.00
4991,1882,47,1835,61.00
5047,1882,22,1860,61.00
5210,1882,26,1856,61.00
5364,1882,22,1860,61.00
5418,1882,40,1842,61.00
5464,1882,45,1837,61.00
5482,1882,42,1840,61.00
5577,1882,46,1836,61.00
5581,1882,37,1845,61.00
5651,1882,38,1844,61.00
5723,1882,58,1824,61.00
5783,1882,30,1852,61.00
5953,1882,51,1831,61.00
5965,1882,19,1863,61.00
6030,1882,36,1846,61.00
6068,1882,40,1842,61.00
6087,1882,42,1840,61.00
6192,1882,22,1860,61.00
6207,1882,17,1865,61.00
6270,1882,27,1855,61.00
6282,1882,50,1832,61.00
6303,1882,26,1856,61.00
6390,1882,42,1840,61.00
6398,1882,39,1843,61.00
6437,1882,22,1860,61.00
6502,1882,32,1850,61.00
6518,1882,47,1835,61.00
6572,1882,30,1852,61.00
6574,1882,31,1851,61.00
6603,1882,54,1828,61.00
6609,1882,41,1841,61.00
6636,1882,38,1844,61.00
6694,1882,21,1861,61.00
6707,1882,22,1860,61.00
6895,1882,33,1849,61.00
6932,1882,27,1855,61.00
6938,1882,16,1866,61.00
6946,1882,39,1843,61.00
6965,1882,20,1862,61.00
7011,1882,36,1846,61.00
7051,1882,43,1839,61.00
7081,1882,19,1863,61.00
7086,1882,63,1819,61.00
7087,1882,34,1848,61.00
7135,1882,29,1853,61.00
7142,1882,35,1847,61.00
7152,1882,18,1864,61.00
7172,1882,54,1828,61.00
7209,1882,27,1855,61.00
7412,1882,48,1834,61.00
7445,1882,54,1828,61.00
7458,1882,22,1860,61.00
7465,1882,40,1842,61.00
7487,1882,19,1863,61.00
7777,1882,30,1852,61.00
7879,1882,35,1847,61.00
7895,1882,55,1827,61.00
7922,1882,21,1861,61.00
7998,1882,57,1825,61.00
7999,1882,37,1845,61.00
8035,1882,30,1852,61.00
8064,1882,26,1856,61.00
8181,1882,20,1862,61.00
8257,1882,20,1862,61.00
8660,1889,26,1863,61.00
8677,1889,27,1862,61.00
8966,1889,29,1860,61.00
9090,1889,65,1824,61.00
9222,1889,55,1834,61.00
9239,1889,56,1833,61.00
9263,1889,30,1859,61.00
9522,1889,26,1863,61.00
9545,1889,29,1860,61.00
9585,1889,26,1863,61.00
9599,1889,26,1863,61.00
9601,1889,48,1841,61.00
9631,1889,37,1852,61.00
9695,1889,27,1862,61.00
9752,1889,23,1866,61.00
9772,1889,38,1851,61.00
9888,1889,16,1873,61.00
9941,1889,39,1850,61.00
10078,1889,27,1862,61.00
10164,1889,25,1864,61.00
10181,1889,71,1818,61.00
10224,1889,45,1844,61.00
10248,1889,48,1841,61.00
10330,1889,39,1850,61.00
10622,1889,33,1856,61.00
10626,1889,31,1858,61.00
10647,1889,19,1870,61.00
10710,1889,25,1864,61.00
10794,1889,26,1863,61.00
10884,1889,28,1861,61.00
10885,1889,54,1835,61.00
10990,1889,24,1865,61.00
11029,1889,18,1871,61.00
11045,1889,24,1865,61.00
11049,1889,42,1847,61.00
11132,1889,33,1856,61.00
11146,1889,20,1869,61.00
11283,1889,28,1861,61.00
11383,1889,49,1840,61.00
11536,1889,51,1838,61.00
11608,1889,23,1866,61.00
11614,1889,17,1872,61.00
11665,1889,34,1855,61.00
11667,1889,66,1823,61.00
11715,1889,21,1868,61.00
11717,1889,27,1862,61.00
11779,1889,39,1850,61.00
11821,1889,32,1857,61.00
11863,1889,61,1828,61.00
11887,1889,36,1853,61.00
11924,1889,56,1833,61.00
11930,1889,37,1852,61.00
12271,1889,22,1867,61.00
12276,1889,20,1869,61.00
12404,1889,19,1870,61.00
12408,1889,46,1843,61.00
12447,1889,23,1866,61.00
12788,1890,52,1838,61.00
12895,1890,42,1848,61.00
13084,1890,27,1863,61.00
13136,1890,19,1871,61.00
13197,1890,38,1852,61.00
13233,1890,29,1861,61.00
13305,1890,37,1853,61.00
13331,1890,39,1851,61.00
13352,1890,45,1845,61.00
13375,1890,29,1861,61.00
13411,1890,22,1868,61.00
13454,1890,53,1837,61.00
13474,1890,25,1865,61.00
13476,1890,20,1870,61.00
13480,1890,46,1844,61.00
13585,1890,40,1850,61.00
13796,1890,38,1852,61.00
13924,1890,25,1865,61.00
14038,1890,17,1873,61.00
14062,1890,35,1855,61.00
14082,1890,42,1848,61.00
14139,1890,21,1869,61.00
14147,1890,45,1845,61.00
14224,1890,36,1854,61.00
14283,1890,19,1871,61.00
14284,1890,45,1845,61.00
14303,1890,19,1871,61.00
14304,1890,45,1845,61.00
14522,1890,21,1869,61.00
14540,1890,23,1867,61.00
14587,1890,63,1827,61.00
14611,1890,44,1846,61.00
14616,1890,40,1850,61.00
14747,1890,40,1850,61.00
14750,1890,41,1849,61.00
14803,1890,41,1849,61.00
14825,1890,36,1854,61.00
14978,1890,21,1869,61.00
15087,1890,28,1862,61.00
15165,1890,28,1862,61.00
15241,1890,30,1860,61.00
15330,1890,50,1840,61.00
15442,1890,31,1859,61.00
15494,1890,47,1843,61.00
15575,1890,36,1854,61.00
15615,1890,18,1872,61.00
15638,1890,53,1837,61.00
15933,1890,29,1861,61.00
15966,1890,30,1860,61.00
16061,1890,20,1870,61.00
16071,1890,44,1846,61.00
16082,1890,25,1865,61.00
16092,1890,20,1870,61.00
16107,1890,49,1841,61.00
16200,1890,36,1854,61.00
16207,1890,58,1832,61.00
16215,1890,43,1847,61.00
16368,1890,40,1850,61.00
16382,1890,29,1861,61.00
16452,1890,28,1862,61.00
16534,1890,26,1864,61.00
16600,1890,50,1840,61.00
16635,1891,36,1855,61.00
16696,1891,42,1849,61.00
16806,1891,18,1873,61.00
16854,1891,19,1872,61.00
16883,1891,28,1863,61.00
16936,1891,31,1860,61.00
17019,1890,65,1825,61.00
17090,1891,41,1850,61.00
17139,1891,36,1855,61.00
17145,1891,31,1860,61.00
17174,1891,31,1860,61.00
17432,1891,46,1845,61.00
17478,1891,46,1845,61.00
17503,1891,35,1856,61.00
17547,1891,30,1861,61.00
17561,1891,30,1861,61.00
17741,1891,42,1849,61.00
17886,1891,46,1845,61.00
17944,1891,33,1858,61.00
18095,1891,48,1843,61.00
18151,1891,32,1859,61.00
18250,1891,46,1845,61.00
18259,1891,23,1868,61.00
18359,1891,51,1840,61.00
18526,1891,29,1862,61.00
18572,1891,33,1858,61.00
18621,1891,47,1844,61.00
18633,1891,18,1873,61.00
18694,1891,31,1860,61.00
18712,1891,31,1860,61.00
18779,1891,36,1855,61.00
18892,1891,39,1852,61.00
18904,1891,38,1853,61.00
18929,1891,38,1853,61.00
18935,1891,24,1867,61.00
18951,1891,24,1867,61.00
19016,1891,60,1831,61.00
19091,1891,22,1869,61.00
19273,1891,32,1859,61.00
19315,1891,40,1851,61.00
19347,1891,22,1869,61.00
19361,1891,37,1854,61.00
19383,1891,29,1862,61.00
19453,1891,30,1861,61.00
19571,1892,21,1871,61.00
19726,1892,46,1846,61.00
19736,1892,42,1850,61.00
19769,1892,37,1855,61.00
19775,1892,49,1843,61.00
19895,1892,20,1872,61.00
19911,1892,54,1838,61.00
19959,1892,51,1841,61.00
20009,1892,31,1861,61.00
20328,1892,58,1834,61.00
20631,1892,47,1845,61.00
20636,1892,61,1831,61.00
20658,1892,28,1864,61.00
20680,1892,61,1831,61.00
20705,1892,42,1850,61.00
20711,1892,28,1864,61.00
20734,1892,28,1864,61.00
20810,1892,29,1863,61.00
20912,1892,40,1852,61.00
20945,1892,28,1864,61.00
20953,1892,27,1865,61.00
20984,1892,33,1859,61.00
21015,1892,60,1832,61.00
21337,1892,22,1870,61.00
21389,1892,26,1866,61.00
21496,1892,34,1858,61.00
21531,1892,24,1868,61.00
21567,1892,46,1846,61.00
21789,1892,59,1833,61.00
21863,1892,24,1868,61.00
21884,1892,40,1852,61.00
21942,1892,38,1854,61.00
22051,1892,37,1855,61.00
22248,1892,60,1832,61.00
22337,1892,24,1868,61.00
22505,1892,25,1867,61.00
22587,1892,20,1872,61.00
22591,1892,22,1870,61.00
22624,1892,29,1863,61.00
22628,1892,43,1849,61.00
22637,1892,40,1852,61.00
22665,1892,60,1832,61.00
22667,1892,44,1848,61.00
22768,1892,43,1849,61.00
22827,1892,61,1831,61.00
22917,1892,49,1843,61.00
22962,1892,41,1851,61.00
22973,1892,34,1858,61.00
23044,1892,32,1860,61.00
23217,1892,55,1837 ,61.00
23387,1893,29,1864,61.00
23450,1893,21,1872,61.00
23487,1893,54,1839,61.00
23503,1893,24,1869,61.00
23539,1893,47,1846,61.00
23582,1893,51,1842,61.00
23799,1893,28,1865,61.00
23814,1893,45,1848,61.00
23995,1893,20,1873,61.00
24060,1893,58,1835,61.00
24193,1893,43,1850,61.00
24242,1893,55,1838,61.00
24256,1893,42,1851,61.00
24276,1893,23,1870,61.00
24348,1893,27,1866,61.00
24401,1893,61,1832,61.00
24436,1893,45,1848,61.00
24479,1893,33,1860,61.00
24538,1893,32,1861,61.00
24539,1893,33,1860,61.00
24593,1893,31,1862,61.00
24597,1893,44,1849,61.00
24616,1893,40,1853,61.00
24661,1893,48,1845,61.00
24794,1893,29,1864,61.00
24872,1893,24,1869,61.00
24969,1893,22,1871,61.00
25012,1893,33,1860,61.00
25566,1893,42,1851 ,61.00
25594,1893,29,1864,61.00
25656,1893,22,1871,61.00
25676,1893,44,1849,61.00
25743,1893,42,1851,61.00
25912,1893,60,1833,61.00
26008,1893,41,1852,61.00
26088,1893,45,1848,61.00
26091,1893,58,1835,61.00
26198,1893,25,1868,61.00
26203,1893,19,1874,61.00
26389,1893,27,1866,61.00
26396,1893,41,1852,61.00
26429,1893,25,1868,61.00
26459,1893,29,1864,61.00
26483,1893,66,1827,61.00
26534,1893,35,1858,61.00
26735,1893,20,1873,61.00
26754,1893,60,1833,61.00
26968,1889,53,1836,61.00
26984,1891,29,1862,61.00
27309,1894,19,1875,61.00
27392,1894,55,1839,61.00
27444,1894,37,1857,61.00
27548,1894,23,1871,61.00
27589,1894,35,1859,61.00
27661,1894,34,1860,61.00
27686,1894,45,1849,61.00
27809,1894,28,1866,61.00
27942,1894,29,1865,61.00
27989,1894,64,1830,61.00
28095,1894,32,1862,61.00
28110,1894,55,1839,61.00
28187,1894,42,1852,61.00
28322,1894,42,1852,61.00
28339,1894,27,1867,61.00
28401,1894,35,1859,61.00
28589,1894,26,1868,61.00
28640,1894,30,1864,61.00
28787,1894,32,1862,61.00
28845,1894,40,1854,61.00
29047,1894,40,1854,61.00
29049,1894,42,1852,61.00
29123,1894,24,1870,61.00
29294,1893,62,1831,61.00
29362,1894,22,1872,61.00
29411,1894,25,1869,61.00
29415,1894,40,1854,61.00
29421,1894,33,1861,61.00
29514,1894,47,1847,61.00
29549,1894,59,1835,61.00
29621,1894,24,1870,61.00
29624,1894,30,1864,61.00
29721,1894,51,1843,61.00
29754,1894,62,1832,61.00
29848,1894,60,1834,61.00
29890,1894,26,1868,61.00
29982,1894,28,1866,61.00
30029,1894,55,1839,61.00
30067,1894,49,1845,61.00
30101,1894,41,1853,61.00
30178,1894,34,1860,61.00
30253,1891,28,1863,61.00
30292,1894,44,1850,61.00
30460,1894,43,1851,61.00
30493,1894,25,1869,61.00
30495,1894,44,1850,61.00
30498,1894,25,1869,61.00
30531,1894,51,1843,61.00
30757,1894,44,1850,61.00
30800,1894,34,1860,61.00
30802,1894,30,1864,61.00
30917,1895,58,1837,61.00
31013,1895,43,1852,61.00
31465,1895,63,1832,61.00
31488,1895,65,1830,61.00
31664,1895,35,1860,61.00
31790,1895,41,1854,61.00
31819,1895,30,1865,61.00
31852,1895,23,1872,61.00
31858,1895,18,1877,61.00
31926,1895,26,1869,61.00
31989,1895,24,1871,61.00
31994,1895,44,1851,61.00
32172,1895,33,1862,61.00
32178,1895,15,1880,61.00
32191,1895,48,1847,61.00
32278,1895,26,1869,61.00
32377,1895,29,1866,61.00
32596,1895,34,1861,61.00
32635,1895,54,1841,61.00
32685,1895,38,1857,61.00
32813,1895,41,1854,61.00
32962,1895,41,1854,61.00
33099,1895,29,1866,61.00
33152,1895,59,1836,61.00
33251,1895,43,1852,61.00
33319,1895,28,1867,61.00
33563,1895,51,1844,61.00
33574,1895,45,1850,61.00
33759,1895,40,1855,61.00
33766,1895,59,1836,61.00
33770,1895,46,1849,61.00
33846,1895,40,1855,61.00
34000,1895,30,1865,61.00
34048,1895,48,1847,61.00
34133,1895,42,1853,61.00
34190,1895,34,1861,61.00
34352,1895,30,1865,61.00
34444,1895,31,1864,61.00
34541,1895,36,1859,61.00
34609,1895,75,1820 ,61.00
34631,1895,28,1867,61.00
34912,1896,43,1853,61.00
34915,1896,51,1845,61.00
34918,1896,38,1858,61.00
35025,1895,55,1840,61.00
35032,1896,26,1870,61.00
35068,1896,61,1835,61.00
35142,1896,40,1856,61.00
35201,1896,26,1870,61.00
35270,1896,48,1848,61.00
35304,1896,40,1856,61.00
35429,1896,32,1864,61.00
35503,1896,63,1833,61.00
35504,1896,41,1855,61.00
35836,1896,17,1879,61.00
35862,1896,61,1835,61.00
35964,1896,31,1865,61.00
35983,1896,43,1853,61.00
36091,1896,25,1871,61.00
36123,1896,25,1871,61.00
36266,1896,23,1873,61.00
36267,1896,67,1829,61.00
36310,1896,39,1857,61.00
36398,1896,27,1869,61.00
36661,1896,23,1873,61.00
36685,1896,11,1885,61.00
36718,1896,41,1855,61.00
36789,1896,29,1867,61.00
36790,1896,58,1838,61.00
36791,1896,20,1876,61.00
37001,1896,51,1845,61.00
37237,1896,13,1883,61.00
37238,1896,46,1850,61.00
37362,1896,52,1844,61.00
37396,1896,37,1859,61.00
37399,1896,36,1860,61.00
37458,1896,17,1879,61.00
37513,1896,30,1866,61.00
37566,1896,47,1849,61.00
37627,1896,24,1872,61.00
37914,1896,41,1855,61.00
37915,1896,45,1851,61.00
38088,1896,30,1866,61.00
38158,1896,54,1842,61.00
38303,1896,36,1860,61.00
38304,1896,38,1858,61.00
38432,1896,23,1873,61.00
38472,1896,52,1844,61.00
38518,1896,25,1871,61.00
38770,1897,60,1837,61.00
39047,1897,72,1825,61.00
39070,1897,9,1888,61.00
39110,1897,55,1842,61.00
39364,1897,24,1873,61.00
39455,1897,36,1861,61.00
39494,1897,45,1852,61.00
39525,1897,30,1867,61.00
39611,1897,47,1850,61.00
39702,1897,12,1885,61.00
39704,1897,35,1862,61.00
39798,1897,65,1832,61.00
39906,1897,32,1865,61.00
39910,1897,22,1875,61.00
39937,1897,28,1869,61.00
40033,1897,34,1863,61.00
40160,1897,58,1839,61.00
40162,1897,49,1848,61.00
40334,1897,55,1842,61.00
40536,1897,48,1849,61.00
40537,1897,30,1867,61.00
40666,1897,19,1878,61.00
40681,1897,27,1870,61.00
40894,1897,34,1863,61.00
41042,1897,30,1867,61.00
41125,1897,40,1857,61.00
41189,1897,12,1885,61.00
41190,1897,38,1859,61.00
41250,1897,37,1860,61.00
41343,1897,26,1871,61.00
41359,1897,39,1858,61.00
41378,1897,23,1874,61.00
41402,1897,43,1854,61.00
41480,1897,38,1859,61.00
41486,1897,26,1871,61.00
41669,1897,43,1854,61.00
41763,1897,37,1860,61.00
42045,1897,53,1844,61.00
42137,1897,46,1851,61.00
42301,1897,47,1850,61.00
42316,1897,25,1872,61.00
42388,1897,55,1842,61.00
42504,1898,44,1854,61.00
42603,1898,51,1847,61.00
42607,1898,29,1869,61.00
42609,1898,22,1876,61.00
42707,1898,28,1870,61.00
42828,1898,23,1875,61.00
42890,1898,20,1878,61.00
43025,1898,41,1857,61.00
43046,1898,42,1856,61.00
43061,1898,61,1837,61.00
43093,1898,31,1867,61.00
43151,1898,46,1852,61.00
43176,1898,32,1866,61.00
43326,1898,42,1856,61.00
43541,1898,46,1852,61.00
43716,1898,58,1840,61.00
43718,1898,28,1870,61.00
43811,1898,40,1858,61.00
44061,1898,31,1867,61.00
44069,1898,53,1845,61.00
44202,1898,55,1843,61.00
44296,1898,22,1876,61.00
44383,1898,36,1862,61.00
44602,1898,29,1869,61.00
44639,1898,30,1868,61.00
44666,1898,66,1832,61.00
44904,1898,31,1867,61.00
45033,1898,42,1856,61.00
45086,1898,38,1860,61.00
45247,1898,34,1864,61.00
45424,1898,61,1837,61.00
45589,1898,42,1856,61.00
45758,1898,28,1870,61.00
45778,1898,38,1860,61.00
45817,1898,28,1870,61.00
45883,1898,50,1848,61.00
45938,1898,26,1872,61.00
45949,1898,39,1859,61.00
46009,1898,18,1880,61.00
46139,1899,58,1841,61.00
46244,1899,29,1870,61.00
46245,1899,30,1869,61.00
46247,1899,38,1861,61.00
46249,1899,35,1864,61.00
46317,1899,19,1880,61.00
46552,1899,30,1869,61.00
46927,1899,26,1873,61.00
46947,1899,49,1850,61.00
47098,1899,29,1870,61.00
47104,1899,55,1844,61.00
47149,1899,50,1849,61.00
47179,1899,51,1848,61.00
47274,1899,62,1837,61.00
47382,1899,27,1872,61.00
47407,1899,27,1872,61.00
47654,1899,39,1860,61.00
47655,1899,37,1862,61.00
47814,1899,32,1867,61.00
47976,1899,32,1867,61.00
48269,1899,36,1863,61.00
48275,1899,35,1864,61.00
48289,1899,54,1845,61.00
48334,1899,35,1864,61.00
48592,1899,30,1869,61.00
48743,1899,43,1856,61.00
48985,1899,35,1864,61.00
49096,1899,26,1873,61.00
49179,1899,53,1846,61.00
49398,1899,22,1877,61.00
49404,1899,42,1857,61.00
49466,1899,49,1850,61.00
49687,1899,37,1862,61.00
49689,1899,37,1862,61.00
49829,1899,66,1833,61.00
49896,1899,62,1837,61.00
50084,1900,31,1869,61.00
50160,1900,36,1864,61.00
50376,1900,48,1852,61.00
50754,1900,51,1849,61.00
50981,1900,38,1862,61.00
50995,1900,42,1858,61.00
51188,1900,71,1829,61.00
51464,1900,50,1850,61.00
51880,1900,40,1860,61.00
51945,1900,19,1881,61.00
52139,1900,31,1869,61.00
52348,1900,24,1876,61.00
52349,1900,51,1849,61.00
52620,1900,60,1840,61.00
52715,1900,30,1870,61.00
52774,1900,31,1869,61.00
52837,1900,40,1860,61.00
53130,1900,32,1868,61.00
53217,1900,53,1847,61.00
53415,1900,40,1860,61.00
53416,1900,19,1881,61.00
53535,1901,24,1877,61.00
53538,1901,38,1863,61.00
53702,1901,25,1876,61.00
53784,1901,45,1856,61.00
53812,1901,45,1856,61.00
54064,1901,34,1867,61.00
54161,1901,54,1847,61.00
54175,1901,47,1854,61.00
54185,1901,53,1848,61.00
54223,1901,43,1858,61.00
54333,1901,24,1877,61.00
54485,1901,44,1857,61.00
54753,1901,42,1859,61.00
54808,1901,26,1875,61.00
54915,1901,28,1873,61.00
55145,1901,31,1870,61.00
55446,1901,34,1867,61.00
55673,1901,55,1846,61.00
55917,1901,30,1871,61.00
56010,1901,33,1868,61.00
56090,1901,61,1840,61.00
56122,1901,37,1864,61.00
56331,1901,64,1837,61.00
56798,1901,40,1861,61.00
56801,1901,53,1848,61.00
56806,1901,44,1857,61.00
56932,1901,52,1849,61.00
56943,1901,24,1877,61.00
57118,1902,43,1859,61.00
57203,1902,31,1871,61.00
57427,1902,50,1852,61.00
57454,1902,42,1860,61.00
57565,1902,30,1872,61.00
57814,1902,44,1858,61.00
57887,1902,46,1856,61.00
57993,1902,49,1853,61.00
58039,1902,19,1883,61.00
58068,1902,56,1846,61.00
58130,1902,35,1867,61.00
58131,1902,62,1840,61.00
58256,1902,55,1847,61.00
58279,1902,38,1864,61.00
58320,1902,46,1856,61.00
58563,1902,43,1859,61.00
58612,1902,42,1860,61.00
58900,1902,19,1883,61.00
59099,1902,43,1859,61.00
59315,1902,30,1872,61.00
59447,1902,32,1870,61.00
59546,1902,53,1849,61.00
59686,1902,29,1873,61.00
59869,1902,43,1859,61.00
59959,1902,32,1870,61.00
60123,1902,72,1830,61.00
60124,1902,60,1842,61.00
60489,1902,38,1864,61.00
60630,1903,45,1858,61.00
60727,1903,43,1860,61.00
60815,1903,40,1863,61.00
60986,1903,51,1852,61.00
61033,1903,44,1859,61.00
61139,1903,26,1877,61.00
61178,1903,32,1871,61.00
61561,1903,54,1849,61.00
61717,1903,38,1865,61.00
61899,1903,31,1872,61.00
61930,1903,25,1878,61.00
62379,1903,32,1871,61.00
62498,1903,50,1853,61.00
62548,1903,22,1881,61.00
62619,1903,29,1874,61.00
62848,1903,46,1857,61.00
63245,1903,41,1862,61.00
63264,1903,29,1874,61.00
63363,1903,34,1869,61.00
63364,1903,27,1876,61.00
63368,1903,44,1859,61.00
63372,1903,49,1854,61.00
63858,1903,33,1870,61.00
64037,1903,66,1837,61.00
64078,1903,55,1848,61.00
64081,1903,28,1875,61.00
64128,1903,47,1856,61.00
64242,1903,44,1859,61.00
64383,1904,27,1877,61.00
64403,1904,35,1869,61.00
64513,1904,46,1858,61.00
64548,1904,39,1865,61.00
64783,1904,28,1876,61.00
64839,1904,21,1883,61.00
64845,1904,46,1858,61.00
65191,1904,42,1862,61.00
65375,1904,49,1855,61.00
65449,1904,40,1864,61.00
65607,1904,39,1865,61.00
65795,1904,48,1856,61.00
65796,1904,38,1866,61.00
65800,1904,48,1856,61.00
65945,1904,30,1874,61.00
66128,1904,27,1877,61.00
66342,1904,53,1851,61.00
66418,1904,37,1867,61.00
66469,1904,45,1859,61.00
66555,1904,55,1849,61.00
66669,1904,38,1866,61.00
66764,1904,47,1857,61.00
66903,1904,26,1878,61.00
67138,1904,41,1863,61.00
67188,1904,37,1867,61.00
67268,1904,21,1883,61.00
67335,1904,22,1882,61.00
67430,1904,55,1849,61.00
67563,1904,52,1852,61.00
68108,1904,42,1862,61.00
68870,1905,52,1853,61.00
69211,1905,35,1870,61.00
69268,1905,33,1872,61.00
69590,1905,47,1858,61.00
69865,1905,24,1881,61.00
69928,1905,43,1862,61.00
69929,1905,52,1853,61.00
70180,1905,38,1867,61.00
70227,1905,50,1855,61.00
70580,1905,56,1849,61.00
70590,1905,30,1875,61.00
71528,1905,74,1831,61.00
71572,1905,19,1886,61.00
71868,1905,70,1835,61.00
72515,1905,32,1873,61.00
72596,1905,23,1882,61.00
72597,1905,19,1886,61.00
72825,1905,24,1881,61.00
72929,1905,41,1864,61.00
73106,1906,31,1875,61.00
73433,1906,58,1848,61.00
73477,1906,42,1864,61.00
73480,1906,20,1886,61.00
73592,1906,28,1878,61.00
73685,1906,60,1846,61.00
73815,1906,61,1845,61.00
73995,1906,47,1859,61.00
74502,1906,57,1849,61.00
74618,1906,50,1856,61.00
74987,1906,20,1886,61.00
75092,1906,54,1852,61.00
75125,1906,26,1880,61.00
75255,1906,30,1876,61.00
75419,1906,27,1879,61.00
75537,1906,57,1849,61.00
75579,1906,40,1866,61.00
75601,1906,66,1840,61.00
76213,1906,27,1879,61.00
76412,1906,50,1856,61.00
76493,1906,32,1874,61.00
76747,1906,63,1843,61.00
77267,1906,56,1850,61.00
77310,1906,48,1858,61.00
77501,1907,24,1883,61.00
77691,1907,53,1854,61.00
77703,1907,54,1853,61.00
77913,1907,21,1886,61.00
77938,1907,46,1861,61.00
78034,1907,33,1874,61.00
78300,1907,51,1856,61.00
78557,1907,31,1876,61.00
78817,1907,22,1885,61.00
78976,1907,55,1852,61.00
79127,1907,48,1859,61.00
79135,1907,35,1872,61.00
79335,1907,66,1841,61.00
79338,1907,23,1884,61.00
79764,1907,31,1876,61.00
79823,1907,29,1878,61.00
79888,1907,23,1884,61.00
79890,1907,40,1867,61.00
79911,1907,34,1873,61.00
80443,1907,25,1882,61.00
81652,1907,62,1845,61.00
81820,1907,20,1887,61.00
82178,1907,50,1857,61.00
82289,1908,31,1877,61.00
82492,1908,52,1856,61.00
82968,1908,25,1883,61.00
83127,1908,38,1870,61.00
83209,1908,58,1850,61.00
83211,1908,22,1886,61.00
83244,1908,41,1867,61.00
83320,1908,53,1855,61.00
83331,1908,49,1859,61.00
83509,1908,55,1853,61.00
83774,1908,66,1842,61.00
84357,1908,24,1884,61.00
84380,1908,29,1879,61.00
84459,1908,53,1855,61.00
85086,1908,37,1871,61.00
85200,1908,22,1886,61.00
85270,1908,68,1840,61.00
85574,1908,23,1885,61.00
85915,1908,27,1881,61.00
85973,1908,21,1887,61.00
86256,1908,30,1878,61.00
86260,1908,28,1880,61.00
86343,1908,67,1841,61.00
86557,1908,48,1860,61.00
86925,1909,51,1858,61.00
87468,1909,35,1874,61.00
87983,1909,37,1872,61.00
88121,1909,46,1863,61.00
88220,1909,32,1877,61.00
88226,1909,42,1867,61.00
88240,1909,53,1856,61.00
88318,1909,43,1866,61.00
88319,1909,27,1882,61.00
88473,1909,30,1879,61.00
88923,1909,35,1874,61.00
89046,1909,54,1855,61.00
89076,1909,32,1877,61.00
89171,1909,49,1860,61.00
89254,1909,33,1876,61.00
89802,1909,25,1884,61.00
89841,1909,31,1878,61.00
89842,1909,39,1870,61.00
90797,1909,65,1844,61.00
90839,1909,19,1890,61.00
91450,1909,41,1868,61.00
91827,1909,48,1861,61.00
91910,1909,31,1878,61.00
92475,1910,56,1854,61.00
92619,1910,45,1865,61.00
92620,1910,43,1867,61.00
93196,1910,69,1841,61.00
93240,1910,28,1882,61.00
93656,1910,41,1869,61.00
93909,1910,30,1880,61.00
94329,1910,46,1864,61.00
94599,1910,24,1886,61.00
94771,1910,40,1870,61.00
94772,1910,32,1878,61.00
94817,1910,66,1844,61.00
94943,1910,28,1882,61.00
95134,1910,28,1882,61.00
95305,1910,46,1864,61.00
95394,1910,27,1883,61.00
95561,1910,54,1856,61.00
95650,1910,30,1880,61.00
96055,1910,31,1879,61.00
96246,1910,22,1888,61.00
97044,1910,42,1868,61.00
97219,1910,37,1873,61.00
97335,1910,40,1870,61.00
97496,1910,56,1854,61.00
97707,1910,49,1861,61.00
97771,1911,51,1860,61.00
98152,1911,31,1880,61.00
98493,1911,49,1862,61.00
98610,1911,35,1876,61.00
98818,1911,62,1849,61.00
99026,1911,30,1881,61.00
99401,1911,28,1883,61.00
99403,1911,43,1868,61.00
99982,1911,31,1880,61.00
99985,1911,26,1885,61.00
100314,1911,48,1863,61.00
100470,1911,24,1887,61.00
100667,1911,55,1856,61.00
101308,1911,47,1864,61.00
101310,1911,36,1875,61.00
101743,1911,21,1890,61.00
102212,1911,69,1842,61.00
102218,1911,45,1866,61.00
102236,1911,41,1870,61.00
102676,1911,54,1857,61.00
102702,1911,63,1848,61.00
103443,1912,68,1844,61.00
103730,1912,34,1878,61.00
103802,1912,24,1888,61.00
104017,1912,36,1876,61.00
104053,1912,50,1862,61.00
104217,1912,43,1869,61.00
104269,1912,31,1881,61.00
104944,1912,50,1862,61.00
104965,1912,39,1873,61.00
105349,1912,37,1875,61.00
105539,1912,27,1885,61.00
106042,1912,38,1874,61.00
106311,1912,29,1883,61.00
106445,1912,28,1884,61.00
106501,1912,56,1856,61.00
106674,1912,41,1871,61.00
107045,1912,25,1887,61.00
107067,1912,38,1874,61.00
107856,1912,22,1890,61.00
108372,1913,37,1876,61.00
108393,1913,44,1869,61.00
108614,1913,25,1888,61.00
108685,1913,44,1869,61.00
108881,1913,29,1884,61.00
108886,1913,30,1883,61.00
108889,1913,29,1884,61.00
109084,1913,45,1868,61.00
109480,1913,49,1864,61.00
109481,1913,26,1887,61.00
109482,1913,36,1877,61.00
109662,1913,59,1854,61.00
109987,1913,38,1875,61.00
109988,1913,31,1882,61.00
110481,1913,29,1884,61.00
110608,1913,37,1876,61.00
110699,1913,27,1886,61.00
111012,1913,66,1847,61.00
111218,1913,56,1857,61.00
111687,1913,22,1891,61.00
111724,1913,39,1874,61.00
111825,1913,30,1883,61.00
112003,1913,24,1889,61.00
112210,1913,42,1871,61.00
112567,1914,35,1879,61.00
112598,1914,47,1867,61.00
112628,1914,46,1868,61.00
112712,1914,49,1865,61.00
112944,1914,46,1868,61.00
113234,1914,29,1885,61.00
113349,1914,31,1883,61.00
113654,1914,53,1861,61.00
113734,1914,34,1880,61.00
114018,1914,29,1885,61.00
114390,1914,46,1868,61.00
114996,1914,33,1881,61.00
115232,1914,24,1890,61.00
115710,1914,31,1883,61.00
115788,1914,28,1886,61.00
115883,1914,23,1891,61.00
115938,1914,45,1869,61.00
116033,1914,44,1870,61.00
116035,1914,39,1875,61.00
116152,1914,48,1866,61.00
116479,1914,36,1878,61.00
116601,1914,41,1873,61.00
116724,1915,56,1859,61.00
116905,1915,26,1889,61.00
117530,1915,41,1874,61.00
117531,1915,40,1875,61.00
117890,1915,28,1887,61.00
117955,1915,59,1856,61.00
117956,1915,51,1864,61.00
118186,1915,25,1890,61.00
118397,1915,29,1886,61.00
118738,1915,48,1867,61.00
118933,1915,36,1879,61.00
119136,1915,51,1864,61.00
119570,1915,27,1888,61.00
119801,1916,31,1885,61.00
119866,1916,31,1885,61.00
120106,1916,24,1892,61.00
120271,1916,51,1865,61.00
120417,1916,31,1885,61.00
120558,1916,57,1859,61.00
120975,1916,34,1882,61.00
121059,1916,51,1865,61.00
121110,1916,56,1860,61.00
121750,1917,28,1889,61.00
122062,1917,68,1849,61.00
122549,1917,30,1887,61.00
122599,1917,52,1865,61.00
122631,1917,64,1853,61.00
123135,1918,27,1891,61.00
123197,1918,45,1873,61.00
123306,1918,24,1894,61.00
123345,1918,24,1894,61.00
123346,1918,44,1874,61.00
123413,1918,36,1882,61.00
123464,1918,22,1896,61.00
123669,1918,24,1894,61.00
123913,1918,26,1892,61.00
123944,1918,54,1864,61.00
124043,1918,42,1876,61.00
124139,1918,37,1881,61.00
124324,1918,24,1894,61.00
124536,1919,26,1893,61.00
124620,1919,29,1890,61.00
124732,1919,42,1877,61.00
124864,1919,31,1888,61.00
125064,1919,22,1897,61.00
125709,1920,28,1892,61.00
125797,1920,46,1874,61.00
125960,1920,30,1890,61.00
126137,1920,37,1883,61.00
126174,1920,40,1880,61.00
126240,1920,37,1883,61.00
126265,1920,46,1874,61.00
126367,1920,33,1887,61.00
126368,1920,30,1890,61.00
126692,1920,56,1864,61.00
126872,1920,48,1872,61.00
126982,1921,48,1873,61.00
127112,1918,36,1882,61.00
127209,1921,45,1876,61.00
127802,1921,30,1891,61.00
127819,1921,21,1900,61.00
127880,1921,30,1891,61.00
127912,1921,53,1868,61.00
127979,1921,24,1897,61.00
128050,1921,25,1896,61.00
128214,1921,25,1896,61.00
128316,1921,31,1890,61.00
128580,1921,24,1897,61.00
129037,1922,50,1872,61.00
129159,1922,41,1881,61.00
129641,1922,22,1900,61.00
129668,1922,23,1899,61.00
129721,1922,41,1881,61.00
129768,1922,26,1896,61.00
129840,1922,43,1879,61.00
130050,1922,22,1900,61.00
130155,1922,28,1894,61.00
130296,1922,34,1888,61.00
130570,1922,61,1861,61.00
130587,1922,36,1886,61.00
130622,1922,51,1871,61.00
130869,1923,54,1869,61.00
131111,1923,24,1899,61.00
131135,1923,43,1880,61.00
132216,1923,26,1897,61.00
132283,1923,37,1886,61.00
132426,1923,39,1884,61.00
132520,1923,42,1881,61.00
132534,1923,54,1869,61.00
132718,1924,33,1891,61.00
132771,1924,43,1881,61.00
132772,1924,28,1896,61.00
133066,1924,42,1882,61.00
133129,1924,31,1893,61.00
133181,1924,28,1896,61.00
133359,1924,25,1899,61.00
133426,1924,22,1902,61.00
133657,1924,29,1895,61.00
134179,1924,38,1886,61.00
134577,1925,37,1888,61.00
134952,1924,30,1894,61.00
135024,1925,58,1867,61.00
135056,1925,38,1887,61.00
135087,1925,29,1896,61.00
135491,1925,41,1884,61.00
135790,1925,56,1869,61.00
135801,1925,37,1888,61.00
166,1881,27,1854,61.25
583,1881,37,1844,61.25
654,1881,33,1848,61.25
2144,1881,60,1821,61.25
2752,1881,40,1841,61.25
4353,1882,28,1854,61.25
4671,1882,20,1862,61.25
4683,1882,53,1829,61.25
5514,1882,45,1837,61.25
5553,1882,50,1832,61.25
7382,1882,35,1847,61.25
7454,1882,40,1842,61.25
8047,1882,26,1856,61.25
8111,1882,26,1856,61.25
8273,1882,45,1837,61.25
8391,1882,38,1844,61.25
8671,1889,36,1853,61.25
9194,1889,57,1832,61.25
9861,1889,36,1853,61.25
10306,1889,73,1816,61.25
10594,1889,22,1867,61.25
11945,1889,27,1862,61.25
12167,1889,21,1868,61.25
12803,1890,42,1848,61.25
13299,1890,42,1848,61.25
13460,1890,67,1823,61.25
13817,1890,54,1836,61.25
14335,1890,24,1866,61.25
15587,1890,57,1833,61.25
16311,1890,50,1840,61.25
17254,1891,60,1831,61.25
17271,1891,52,1839,61.25
17471,1891,35,1856,61.25
17587,1891,25,1866,61.25
17967,1891,49,1842,61.25
20304,1892,40,1852,61.25
20335,1892,35,1857,61.25
20381,1892,27,1865,61.25
20917,1892,40,1852,61.25
21107,1892,20,1872,61.25
22314,1892,53,1839,61.25
22540,1892,60,1832,61.25
22854,1892,23,1869,61.25
22957,1892,37,1855,61.25
23110,1892,50,1842,61.25
23422,1893,24,1869,61.25
23580,1893,64,1829,61.25
24473,1893,22,1871,61.25
24742,1893,33,1860,61.25
26065,1893,31,1862,61.25
27171,1894,35,1859,61.25
28629,1894,34,1860,61.25
32101,1895,25,1870,61.25
33236,1895,31,1864,61.25
33663,1895,35,1860,61.25
34330,1895,48,1847,61.25
35135,1896,23,1873,61.25
35269,1896,29,1867,61.25
35629,1896,21,1875,61.25
36089,1896,65,1831,61.25
36098,1896,41,1855,61.25
36403,1896,33,1863,61.25
37307,1896,27,1869,61.25
38517,1896,46,1850,61.25
39195,1897,18,1879,61.25
39333,1897,24,1873,61.25
40970,1897,48,1849,61.25
41237,1897,41,1856,61.25
41481,1897,43,1854,61.25
41484,1897,67,1830,61.25
41588,1897,19,1878,61.25
41958,1897,48,1849,61.25
42029,1897,39,1858,61.25
42645,1898,36,1862,61.25
43548,1898,49,1849,61.25
43867,1898,24,1874,61.25
44295,1898,63,1835,61.25
44568,1898,34,1864,61.25
44957,1898,50,1848,61.25
45142,1898,71,1827,61.25
45393,1898,39,1859,61.25
45395,1898,27,1871,61.25
46116,1898,25,1873,61.25
46118,1898,48,1850,61.25
46481,1899,38,1861,61.25
46679,1899,48,1851,61.25
46985,1899,68,1831,61.25
47549,1899,53,1846,61.25
47629,1899,37,1862,61.25
47811,1899,54,1845,61.25
48802,1899,59,1840,61.25
49253,1899,49,1850,61.25
49397,1899,23,1876,61.25
49742,1899,28,1871,61.25
49808,1899,35,1864,61.25
49877,1899,47,1852,61.25
49958,1899,26,1873,61.25
50309,1900,30,1870,61.25
50423,1900,26,1874,61.25
50753,1900,39,1861,61.25
50786,1900,74,1826,61.25
50909,1900,27,1873,61.25
51527,1900,24,1876,61.25
52186,1900,35,1865,61.25
52771,1900,22,1878,61.25
52776,1900,69,1831,61.25
53005,1900,40,1860,61.25
53128,1900,24,1876,61.25
53241,1900,29,1871,61.25
53977,1901,36,1865,61.25
54231,1901,34,1867,61.25
54335,1901,40,1861,61.25
54337,1901,30,1871,61.25
54486,1901,59,1842,61.25
54489,1901,29,1872,61.25
54908,1901,30,1871,61.25
55017,1901,31,1870,61.25
55022,1901,20,1881,61.25
55081,1901,29,1872,61.25
56452,1901,50,1851,61.25
56606,1901,22,1879,61.25
57453,1902,28,1874,61.25
58617,1902,35,1867,61.25
59445,1902,17,1885,61.25
60726,1902,37,1865,61.25
60729,1903,38,1865,61.25
62265,1903,78,1825,61.25
63120,1903,57,1846,61.25
64297,1904,35,1869,61.25
64452,1904,21,1883,61.25
68158,1904,54,1850,61.25
70133,1905,27,1878,61.25
70827,1905,61,1844,61.25
71656,1905,42,1863,61.25
72466,1905,47,1858,61.25
73595,1906,44,1862,61.25
73756,1906,35,1871,61.25
76419,1906,22,1884,61.25
76813,1906,36,1870,61.25
77372,1906,38,1868,61.25
78605,1907,55,1852,61.25
78781,1907,61,1846,61.25
79192,1907,42,1865,61.25
79891,1907,49,1858,61.25
80347,1907,39,1868,61.25
80475,1907,30,1877,61.25
80652,1907,57,1850,61.25
80657,1907,30,1877,61.25
80959,1907,30,1877,61.25
81406,1907,24,1883,61.25
82442,1908,52,1856,61.25
85299,1908,31,1877,61.25
86170,1908,41,1867,61.25
86926,1909,34,1875,61.25
87832,1909,30,1879,61.25
88228,1909,33,1876,61.25
93133,1910,37,1873,61.25
93763,1910,27,1883,61.25
94125,1910,28,1882,61.25
94581,1910,43,1867,61.25
95959,1910,46,1864,61.25
97336,1910,24,1886,61.25
99983,1911,42,1869,61.25
100070,1911,33,1878,61.25
100991,1911,60,1851,61.25
101076,1911,58,1853,61.25
102113,1911,24,1887,61.25
105190,1912,63,1849,61.25
106044,1912,27,1885,61.25
106422,1912,59,1853,61.25
108880,1913,38,1875,61.25
109631,1913,34,1879,61.25
110665,1913,54,1859,61.25
111199,1913,21,1892,61.25
112767,1914,24,1890,61.25
116444,1914,42,1872,61.25
121998,1917,45,1872,61.25
123170,1918,46,1872,61.25
123171,1918,25,1893,61.25
123307,1918,31,1887,61.25
125313,1919,40,1879,61.25
125348,1919,39,1880,61.25
128696,1921,42,1879,61.25
130343,1922,33,1889,61.25
131320,1923,41,1882,61.25
16,1881,30,1851,61.50
110,1881,41,1840,61.50
138,1881,61,1820,61.50
212,1881,29,1852,61.50
224,1881,24,1857,61.50
253,1881,27,1854,61.50
324,1881,51,1830,61.50
333,1881,27,1854,61.50
439,1881,30,1851 ,61.50
471,1881,27,1854,61.50
500,1881,43,1838,61.50
513,1881,45,1836,61.50
572,1881,41,1840,61.50
597,1881,23,1858,61.50
634,1881,36,1845,61.50
720,1881,25,1856,61.50
734,1881,49,1832,61.50
764,1881,27,1854,61.50
893,1881,80,1801,61.50
989,1881,41,1840,61.50
1031,1881,25,1856,61.50
1128,1881,50,1831,61.50
1183,1881,53,1828,61.50
1283,1881,52,1829,61.50
1395,1881,28,1853,61.50
1463,1881,64,1817,61.50
1535,1881,49,1832,61.50
1656,1881,39,1842,61.50
1678,1881,63,1818,61.50
1724,1881,45,1836,61.50
1807,1881,19,1862,61.50
1898,1881,52,1829,61.50
1919,1881,57,1824,61.50
1965,1881,22,1859,61.50
2028,1881,27,1854,61.50
2075,1881,45,1836,61.50
2364,1881,21,1860,61.50
2386,1881,32,1849,61.50
2419,1881,49,1832  ,61.50
2576,1881,34,1847,61.50
2588,1881,43,1838,61.50
2645,1881,16,1865,61.50
2715,1881,25,1856,61.50
2840,1881,23,1858,61.50
2932,1881,22,1859,61.50
3029,1881,62,1819,61.50
3091,1881,40,1841,61.50
3194,1881,32,1849,61.50
3504,1881,42,1839,61.50
3660,1881,63,1818,61.50
3693,1881,53,1828,61.50
3698,1881,34,1847,61.50
3717,1881,18,1863,61.50
3727,1881,26,1855,61.50
3997,1881,49,1832,61.50
4065,1881,60,1821,61.50
4201,1882,69,1813,61.50
4319,1882,62,1820,61.50
4403,1882,55,1827,61.50
4574,1882,37,1845,61.50
4648,1882,33,1849,61.50
4724,1882,25,1857,61.50
4740,1882,26,1856,61.50
4828,1882,28,1854,61.50
5261,1882,44,1838,61.50
5267,1882,30,1852,61.50
5305,1882,17,1865,61.50
5406,1882,26,1856,61.50
5448,1882,22,1860,61.50
5473,1882,40,1842,61.50
5647,1882,30,1852,61.50
5648,1882,26,1856,61.50
5780,1882,29,1853,61.50
5805,1882,25,1857,61.50
6106,1882,52,1830,61.50
6308,1882,33,1849,61.50
6342,1882,27,1855,61.50
6362,1882,40,1842,61.50
6418,1882,60,1822,61.50
6451,1882,37,1845,61.50
6454,1882,51,1831,61.50
6473,1882,39,1843,61.50
6477,1882,47,1835,61.50
6537,1882,30,1852,61.50
6657,1882,48,1834,61.50
6706,1882,77,1805,61.50
6799,1882,40,1842,61.50
6845,1882,45,1837,61.50
6893,1882,32,1850,61.50
6987,1882,17,1865,61.50
7030,1882,33,1849,61.50
7257,1882,22,1860,61.50
7500,1882,34,1848,61.50
7523,1882,28,1854,61.50
7529,1882,36,1846,61.50
7541,1882,32,1850 ,61.50
7723,1882,41,1841,61.50
8094,1882,29,1853,61.50
8292,1882,40,1842,61.50
8298,1882,39,1843,61.50
8326,1882,36,1846,61.50
8425,1882,39,1843,61.50
8661,1889,43,1846,61.50
8695,1889,35,1854,61.50
8782,1889,50,1839,61.50
8879,1890,33,1857,61.50
8945,1889,42,1847,61.50
9519,1889,54,1835,61.50
10107,1889,37,1852,61.50
10171,1889,17,1872,61.50
10210,1889,66,1823,61.50
10246,1889,56,1833,61.50
10308,1889,39,1850,61.50
10464,1889,45,1844 ,61.50
10648,1889,31,1858,61.50
10716,1889,36,1853,61.50
10863,1889,32,1857,61.50
11115,1889,19,1870,61.50
11315,1889,33,1856,61.50
11317,1889,25,1864,61.50
11323,1889,58,1831,61.50
11574,1889,20,1869,61.50
11613,1889,58,1831,61.50
11857,1889,26,1863,61.50
11908,1889,52,1837,61.50
12085,1889,23,1866,61.50
12123,1889,23,1866,61.50
12248,1889,20,1869,61.50
12321,1889,64,1825,61.50
12329,1889,48,1841,61.50
12409,1889,28,1861,61.50
12410,1889,44,1845,61.50
12426,1889,47,1842,61.50
12949,1890,57,1833,61.50
12955,1890,41,1849,61.50
13040,1890,21,1869,61.50
13064,1890,48,1842,61.50
13345,1890,40,1850,61.50
13432,1890,26,1864,61.50
13564,1890,26,1864,61.50
13574,1890,31,1859,61.50
13748,1890,26,1864,61.50
13798,1890,33,1857,61.50
14029,1890,26,1864,61.50
14133,1890,26,1864,61.50
14229,1890,39,1851,61.50
14333,1890,70,1820,61.50
14407,1890,44,1846,61.50
14512,1890,68,1822,61.50
14753,1890,61,1829,61.50
14906,1890,24,1866,61.50
15016,1890,67,1823,61.50
15264,1890,40,1850,61.50
15299,1890,46,1844,61.50
15610,1890,9,1881,61.50
16059,1890,22,1868,61.50
16079,1890,33,1857,61.50
16174,1890,31,1859,61.50
16192,1890,35,1855,61.50
16457,1890,20,1870,61.50
16508,1890,18,1872,61.50
16821,1891,54,1837,61.50
17025,1891,39,1852,61.50
17032,1891,41,1850,61.50
17068,1891,25,1866,61.50
17368,1891,22,1869,61.50
17589,1891,27,1864,61.50
17600,1891,28,1863,61.50
17657,1891,68,1823,61.50
18213,1891,22,1869,61.50
18306,1891,51,1840,61.50
18311,1891,53,1838,61.50
18435,1891,17,1874,61.50
18616,1891,29,1862,61.50
18625,1891,51,1840,61.50
18711,1891,48,1843,61.50
18930,1891,22,1869,61.50
18949,1891,19,1872,61.50
19206,1891,46,1845,61.50
19251,1891,55,1836,61.50
19332,1891,49,1842,61.50
19488,1892,47,1845,61.50
19543,1892,23,1869,61.50
19568,1892,30,1862,61.50
19954,1892,44,1848,61.50
20059,1892,32,1860,61.50
20084,1892,38,1854,61.50
20544,1892,54,1838,61.50
20605,1892,32,1860,61.50
20932,1892,41,1851,61.50
21303,1892,35,1857,61.50
21575,1892,20,1872,61.50
21619,1892,24,1868,61.50
21622,1892,19,1873,61.50
21660,1892,40,1852,61.50
21766,1892,38,1854,61.50
22142,1892,54,1838,61.50
22304,1892,30,1862,61.50
22403,1892,32,1860,61.50
22405,1892,32,1860,61.50
22506,1892,57,1835,61.50
22669,1892,45,1847,61.50
22802,1892,18,1874,61.50
22994,1892,60,1832,61.50
22999,1892,60,1832,61.50
23054,1892,55,1837,61.50
23256,1893,42,1851,61.50
23260,1893,52,1841,61.50
23386,1893,54,1839,61.50
23480,1893,18,1875,61.50
23537,1893,39,1854,61.50
23803,1893,36,1857,61.50
24045,1893,34,1859,61.50
24065,1893,45,1848,61.50
24325,1893,22,1871,61.50
24540,1893,55,1838,61.50
24708,1893,61,1832,61.50
24716,1893,20,1873,61.50
25046,1893,39,1854,61.50
25152,1893,48,1845,61.50
25370,1893,35,1858,61.50
25520,1893,20,1873,61.50
25555,1893,33,1860,61.50
25843,1893,25,1868,61.50
25860,1893,56,1837,61.50
25893,1893,30,1863,61.50
25908,1893,28,1865,61.50
26097,1893,16,1877,61.50
26135,1893,31,1862,61.50
26232,1893,48,1845,61.50
26346,1893,53,1840,61.50
26567,1893,18,1875,61.50
26687,1893,21,1872,61.50
26764,1893,19,1874,61.50
26792,1893,57,1836,61.50
26878,1893,44,1849,61.50
26931,1893,25,1868,61.50
26985,1894,29,1865,61.50
27004,1894,44,1850,61.50
27146,1894,25,1869,61.50
28248,1894,26,1868,61.50
28468,1894,21,1873,61.50
28489,1894,24,1870,61.50
28608,1894,31,1863,61.50
28674,1894,17,1877,61.50
29081,1894,41,1853,61.50
29134,1894,33,1861,61.50
29526,1894,43,1851,61.50
29774,1894,51,1843,61.50
29811,1894,22,1872 ,61.50
29820,1894,38,1856,61.50
29945,1894,17,1877,61.50
30028,1894,34,1860,61.50
30045,1894,34,1860,61.50
30332,1894,38,1856,61.50
30535,1894,40,1854,61.50
30624,1894,30,1864,61.50
30702,1894,23,1871,61.50
30780,1894,40,1854,61.50
30914,1895,46,1849,61.50
30919,1895,35,1860,61.50
31201,1895,41,1854,61.50
31349,1895,31,1864,61.50
31589,1895,69,1826,61.50
32142,1895,27,1868,61.50
32155,1895,27,1868,61.50
32450,1895,22,1873,61.50
32472,1895,42,1853,61.50
32940,1895,21,1874,61.50
33048,1895,43,1852,61.50
33295,1895,18,1877,61.50
33396,1895,29,1866,61.50
33674,1895,23,1872,61.50
34273,1895,33,1862,61.50
34283,1895,31,1864,61.50
34293,1895,65,1830,61.50
34402,1895,50,1845 ,61.50
35067,1896,37,1859,61.50
35169,1896,35,1861,61.50
35208,1895,23,1872,61.50
35380,1896,31,1865,61.50
35430,1896,30,1866,61.50
35463,1896,55,1841,61.50
35505,1896,29,1867,61.50
35965,1896,27,1869,61.50
36090,1896,30,1866,61.50
36094,1896,20,1876,61.50
36176,1896,42,1854,61.50
36247,1896,21,1875,61.50
36313,1896,38,1858,61.50
36318,1896,22,1874,61.50
36469,1896,33,1863,61.50
36520,1896,38,1858,61.50
36592,1896,24,1872,61.50
36752,1896,29,1867,61.50
37004,1896,45,1851,61.50
37098,1896,42,1854,61.50
37213,1896,34,1862,61.50
37917,1896,36,1860,61.50
38356,1896,47,1849,61.50
38453,1896,30,1866,61.50
38591,1896,22,1874,61.50
38671,1896,55,1841,61.50
38865,1897,12,1885,61.50
38866,1897,25,1872,61.50
38956,1897,36,1861,61.50
39105,1897,25,1872,61.50
39131,1897,52,1845,61.50
39144,1897,32,1865,61.50
39790,1897,52,1845,61.50
39907,1897,30,1867,61.50
40368,1897,25,1872,61.50
40820,1897,30,1867,61.50
41298,1897,33,1864,61.50
41345,1897,21,1876,61.50
41898,1897,41,1856,61.50
41956,1897,24,1873,61.50
42299,1897,53,1844,61.50
42496,1898,20,1878,61.50
42507,1898,31,1867,61.50
42606,1898,20,1878,61.50
42709,1898,32,1866,61.50
42765,1898,51,1847,61.50
43420,1898,48,1850,61.50
43422,1898,26,1872,61.50
43866,1898,42,1856,61.50
43927,1898,40,1858,61.50
44180,1898,45,1853,61.50
44534,1898,64,1834,61.50
44784,1898,42,1856,61.50
45019,1898,38,1860,61.50
45209,1898,36,1862,61.50
45213,1898,38,1860,61.50
45500,1898,43,1855,61.50
45586,1898,25,1873,61.50
45761,1898,27,1871,61.50
45821,1898,19,1879,61.50
45939,1898,22,1876,61.50
46424,1899,41,1858,61.50
46476,1899,25,1874,61.50
47108,1899,24,1875,61.50
47385,1899,19,1880,61.50
47454,1899,35,1864,61.50
47455,1899,45,1854,61.50
47544,1899,50,1849,61.50
47553,1899,39,1860,61.50
47555,1899,42,1857,61.50
47741,1899,28,1871,61.50
47985,1899,59,1840,61.50
48150,1899,18,1881,61.50
48277,1899,32,1867,61.50
48735,1899,32,1867,61.50
48890,1899,65,1834,61.50
49248,1899,20,1879,61.50
49518,1899,30,1869,61.50
49811,1899,25,1874,61.50
50030,1899,24,1875,61.50
50676,1900,38,1862,61.50
51523,1900,24,1876,61.50
51789,1900,24,1876,61.50
51943,1900,27,1873,61.50
52522,1900,33,1867,61.50
52550,1900,21,1879,61.50
52623,1900,43,1857,61.50
52921,1900,47,1853,61.50
53007,1900,27,1873,61.50
53224,1900,76,1824,61.50
53419,1900,37,1863,61.50
53532,1901,32,1869,61.50
53717,1901,45,1856,61.50
54160,1901,43,1858,61.50
54369,1901,31,1870,61.50
54487,1901,38,1863,61.50
55021,1901,42,1859,61.50
55143,1901,23,1878,61.50
55524,1901,51,1850,61.50
55525,1901,30,1871,61.50
55590,1901,43,1858,61.50
55591,1901,43,1858,61.50
55720,1901,31,1870,61.50
55810,1901,48,1853,61.50
56005,1901,58,1843,61.50
56123,1901,70,1831,61.50
56317,1901,48,1853,61.50
56675,1901,48,1853,61.50
56746,1901,32,1869,61.50
56796,1901,21,1880,61.50
57284,1902,29,1873,61.50
57342,1902,51,1851,61.50
57380,1902,29,1873,61.50
57615,1902,30,1872,61.50
57689,1902,32,1870,61.50
57692,1902,46,1856,61.50
57738,1902,49,1853,61.50
57746,1902,57,1845,61.50
57886,1902,25,1877,61.50
58069,1902,54,1848,61.50
58072,1902,29,1873,61.50
58136,1902,32,1870,61.50
59370,1902,26,1876,61.50
59499,1902,50,1852,61.50
59523,1902,19,1883,61.50
59637,1902,40,1862,61.50
59795,1902,20,1882,61.50
59870,1902,36,1866,61.50
59937,1902,52,1850,61.50
59958,1902,36,1866,61.50
60122,1902,46,1856,61.50
61032,1903,32,1871,61.50
61235,1903,39,1864,61.50
61259,1903,31,1872,61.50
61388,1903,63,1840,61.50
61674,1903,24,1879,61.50
61862,1903,53,1850,61.50
61900,1903,26,1877,61.50
62144,1903,27,1876,61.50
62218,1903,57,1846,61.50
62367,1903,35,1868,61.50
62673,1903,43,1860,61.50
62797,1903,51,1852,61.50
63154,1903,60,1843,61.50
63210,1903,21,1882,61.50
63373,1903,19,1884,61.50
63745,1903,51,1852,61.50
64247,1903,29,1874,61.50
64248,1903,31,1872,61.50
64335,1904,33,1871,61.50
64402,1904,41,1863,61.50
65267,1904,32,1872,61.50
65272,1904,34,1870,61.50
65434,1904,42,1862,61.50
66127,1904,26,1878,61.50
66344,1904,63,1841,61.50
66465,1904,33,1871,61.50
66466,1904,56,1848,61.50
66544,1904,32,1872,61.50
66666,1904,29,1875,61.50
66849,1904,28,1876,61.50
67496,1904,64,1840,61.50
68233,1904,26,1878,61.50
68477,1904,36,1868,61.50
68481,1904,25,1879,61.50
68486,1904,52,1852,61.50
68613,1905,22,1883,61.50
69019,1905,39,1866,61.50
69520,1905,30,1875,61.50
69818,1905,28,1877,61.50
70219,1905,47,1858,61.50
70433,1905,47,1858,61.50
70469,1905,40,1865,61.50
70493,1905,36,1869,61.50
70584,1905,29,1876,61.50
70709,1905,40,1865,61.50
70734,1905,70,1835,61.50
70824,1905,54,1851,61.50
71140,1905,45,1860,61.50
71372,1905,37,1868,61.50
71739,1905,24,1881,61.50
71743,1905,34,1871,61.50
72223,1905,28,1877,61.50
72370,1905,63,1842,61.50
72408,1905,27,1878,61.50
72744,1905,43,1862,61.50
72820,1905,56,1849,61.50
72864,1905,38,1867,61.50
72865,1905,56,1849,61.50
72987,1906,65,1841,61.50
73218,1906,62,1844,61.50
73332,1906,21,1885,61.50
73414,1906,34,1872,61.50
74231,1906,38,1868,61.50
74316,1906,18,1888,61.50
75280,1906,56,1850,61.50
75543,1906,58,1848,61.50
76267,1906,31,1875,61.50
76916,1906,37,1869,61.50
77354,1906,60,1846,61.50
77377,1906,70,1836,61.50
77497,1907,39,1868,61.50
77580,1907,49,1858,61.50
78778,1907,53,1854,61.50
78780,1907,33,1874,61.50
79022,1907,23,1884,61.50
79496,1907,33,1874,61.50
79793,1907,40,1867,61.50
80900,1907,17,1890,61.50
81545,1907,27,1880,61.50
81768,1907,58,1849,61.50
81922,1907,73,1834,61.50
82104,1907,65,1842,61.50
82197,1908,36,1872,61.50
82885,1908,22,1886,61.50
83216,1908,41,1867,61.50
83329,1908,24,1884,61.50
83363,1908,22,1886,61.50
83495,1908,51,1857,61.50
83622,1908,47,1861,61.50
84096,1908,55,1853,61.50
84136,1908,23,1885,61.50
84382,1908,33,1875,61.50
85826,1908,74,1834,61.50
86807,1908,22,1886,61.50
86902,1908,22,1886,61.50
86997,1908,34,1874,61.50
87322,1909,35,1874,61.50
87394,1909,33,1876,61.50
87413,1909,51,1858,61.50
87414,1909,20,1889,61.50
87550,1909,64,1845,61.50
87551,1909,35,1874,61.50
87802,1909,75,1834,61.50
87909,1909,41,1868,61.50
87911,1909,18,1891,61.50
88058,1909,39,1870,61.50
88065,1909,60,1849,61.50
88225,1909,24,1885,61.50
88227,1909,23,1886,61.50
88823,1909,43,1866,61.50
88876,1909,29,1880,61.50
88917,1909,48,1861,61.50
89620,1909,37,1872,61.50
91216,1909,34,1875,61.50
91432,1909,20,1889,61.50
92021,1909,46,1863,61.50
92274,1909,19,1890,61.50
92508,1910,41,1869,61.50
93713,1910,35,1875,61.50
94057,1910,63,1847,61.50
94621,1910,75,1835,61.50
94648,1910,27,1883,61.50
94774,1910,43,1867,61.50
94868,1910,33,1877,61.50
95224,1910,29,1881,61.50
96046,1910,31,1879,61.50
96135,1910,32,1878,61.50
96658,1910,27,1883,61.50
96941,1910,50,1860,61.50
96966,1910,39,1871,61.50
97920,1911,37,1874,61.50
98035,1911,54,1857,61.50
98252,1911,40,1871,61.50
99303,1911,41,1870,61.50
99525,1911,30,1881,61.50
99569,1911,39,1872,61.50
100091,1911,50,1861,61.50
100275,1911,41,1870,61.50
100660,1911,30,1881,61.50
100662,1911,44,1867,61.50
102076,1911,41,1870,61.50
102370,1911,62,1849,61.50
104097,1912,48,1864,61.50
104136,1912,22,1890,61.50
104487,1912,57,1855,61.50
104573,1912,26,1886,61.50
105069,1912,53,1859,61.50
105191,1912,27,1885,61.50
105647,1912,42,1870,61.50
105725,1912,38,1874,61.50
106176,1912,52,1860,61.50
107003,1912,30,1882,61.50
107475,1912,25,1887,61.50
107891,1912,38,1874,61.50
107995,1913,42,1871,61.50
108662,1913,28,1885,61.50
108783,1913,54,1859,61.50
112262,1913,52,1861,61.50
112300,1913,28,1885,61.50
112701,1914,34,1880,61.50
112895,1914,67,1847,61.50
113010,1914,32,1882,61.50
113497,1914,39,1875,61.50
113655,1914,30,1884,61.50
113946,1914,36,1878,61.50
113985,1914,70,1844,61.50
114273,1914,52,1862,61.50
114736,1914,41,1873,61.50
115398,1914,40,1874,61.50
115637,1914,30,1884,61.50
116406,1914,42,1872,61.50
116852,1915,32,1883,61.50
118521,1915,37,1878,61.50
119382,1915,38,1877,61.50
119419,1915,63,1852,61.50
119569,1915,42,1873,61.50
119789,1916,56,1860,61.50
120027,1916,32,1884,61.50
120471,1916,71,1845,61.50
120939,1916,33,1883,61.50
120977,1916,35,1881,61.50
121183,1916,51,1865,61.50
121905,1917,25,1892,61.50
122209,1917,33,1884,61.50
122465,1917,32,1885,61.50
122566,1917,27,1890,61.50
122859,1917,29,1888,61.50
122886,1917,42,1875,61.50
123570,1918,30,1888,61.50
123605,1918,22,1896,61.50
123639,1918,22,1896,61.50
123679,1918,56,1862,61.50
123737,1918,42,1876,61.50
123739,1918,23,1895,61.50
123794,1918,38,1880,61.50
124388,1919,28,1891,61.50
124426,1919,39,1880,61.50
124429,1919,23,1896,61.50
125056,1919,31,1888,61.50
125439,1919,19,1900,61.50
125568,1920,25,1895,61.50
125642,1920,26,1894,61.50
125718,1920,20,1900,61.50
126120,1920,33,1887,61.50
126743,1920,50,1870,61.50
127012,1920,49,1871,61.50
127267,1921,41,1880,61.50
127891,1921,23,1898,61.50
127937,1921,26,1895,61.50
128133,1921,33,1888,61.50
128423,1921,40,1881,61.50
128559,1921,68,1853,61.50
128597,1921,29,1892,61.50
128681,1921,41,1880,61.50
128715,1921,24,1897,61.50
128791,1921,34,1887,61.50
129226,1922,51,1871,61.50
129689,1922,42,1880,61.50
129921,1922,53,1869,61.50
130118,1922,22,1900,61.50
130231,1922,36,1886,61.50
131652,1923,49,1874,61.50
132117,1923,39,1884,61.50
133381,1924,40,1884,61.50
40,1881,38,1843,61.75
422,1881,24,1857,61.75
723,1881,20,1861,61.75
2265,1881,38,1843,61.75
3828,1881,57,1824,61.75
4276,1882,38,1844,61.75
4923,1882,21,1861,61.75
6246,1882,33,1849,61.75
6317,1882,30,1852,61.75
6545,1882,25,1857,61.75
6826,1882,57,1825,61.75
6944,1882,45,1837,61.75
8383,1882,24,1858,61.75
8796,1889,53,1836,61.75
9059,1889,44,1845,61.75
9472,1889,46,1843,61.75
10544,1889,35,1854,61.75
10663,1889,60,1829,61.75
12210,1889,31,1858,61.75
12662,1890,44,1846,61.75
14513,1890,45,1845,61.75
14613,1890,23,1867,61.75
14964,1890,57,1833,61.75
14998,1890,40,1850,61.75
15376,1890,31,1859,61.75
15932,1890,18,1872,61.75
18180,1891,31,1860,61.75
18189,1891,27,1864,61.75
19344,1891,47,1844,61.75
20281,1892,28,1864,61.75
20881,1892,48,1844,61.75
21025,1892,33,1859,61.75
21673,1892,44,1848,61.75
23575,1893,39,1854,61.75
23654,1893,27,1866,61.75
23866,1893,46,1847,61.75
23869,1893,46,1847,61.75
24551,1895,26,1869,61.75
25296,1893,21,1872,61.75
25330,1893,50,1843,61.75
25402,1893,38,1855,61.75
27484,1894,24,1870,61.75
29176,1894,49,1845,61.75
29218,1894,28,1866,61.75
29515,1894,26,1868,61.75
29750,1894,30,1864,61.75
30674,1894,27,1867,61.75
31227,1895,23,1872,61.75
31386,1895,22,1873,61.75
31778,1895,60,1835,61.75
33554,1895,24,1871,61.75
33942,1895,38,1857,61.75
34596,1895,28,1867,61.75
34920,1896,22,1874,61.75
35506,1896,51,1845,61.75
35673,1896,30,1866,61.75
35731,1896,64,1832,61.75
35736,1896,30,1866,61.75
36093,1896,21,1875,61.75
36183,1896,20,1876,61.75
36467,1896,34,1862,61.75
36657,1896,20,1876,61.75
37286,1896,62,1834,61.75
37347,1896,48,1848,61.75
37706,1896,44,1852,61.75
39497,1897,58,1839,61.75
39799,1897,19,1878,61.75
39908,1897,42,1855,61.75
39909,1897,18,1879,61.75
40036,1897,44,1853,61.75
40037,1897,22,1875,61.75
40364,1897,38,1859,61.75
40821,1897,23,1874,61.75
41043,1897,20,1877,61.75
41894,1897,22,1875,61.75
42708,1898,56,1842,61.75
42763,1898,56,1842,61.75
42889,1898,39,1859,61.75
44102,1898,42,1856,61.75
44139,1898,44,1854,61.75
44393,1898,53,1845,61.75
44716,1898,37,1861,61.75
45070,1898,26,1872,61.75
45071,1898,30,1868,61.75
45389,1898,24,1874,61.75
45398,1898,45,1853,61.75
45501,1898,51,1847,61.75
46123,1898,46,1852,61.75
46151,1899,62,1837,61.75
46250,1899,20,1879,61.75
46887,1899,48,1851,61.75
47278,1899,30,1869,61.75
47810,1899,53,1846,61.75
47875,1899,40,1859,61.75
48039,1899,46,1853,61.75
48517,1899,28,1871,61.75
48593,1899,46,1853,61.75
48960,1899,52,1847,61.75
49882,1899,36,1863,61.75
50535,1900,35,1865,61.75
51792,1900,60,1840,61.75
51879,1900,58,1842,61.75
52075,1900,42,1858,61.75
52618,1900,30,1870,61.75
52619,1900,32,1868,61.75
52840,1900,29,1871,61.75
53295,1900,28,1872,61.75
53296,1900,28,1872,61.75
53298,1900,59,1841,61.75
53366,1900,33,1867,61.75
53413,1900,38,1862,61.75
53414,1900,37,1863,61.75
53527,1901,45,1856,61.75
53537,1901,28,1873,61.75
54193,1901,63,1838,61.75
55907,1901,59,1842,61.75
56013,1901,38,1863,61.75
57110,1902,34,1868,61.75
58038,1902,31,1871,61.75
58994,1902,18,1884,61.75
59446,1902,34,1868,61.75
59871,1902,27,1875,61.75
60107,1902,33,1869,61.75
61258,1903,65,1838,61.75
62459,1903,26,1877,61.75
62925,1903,41,1862,61.75
63208,1903,30,1873,61.75
64111,1903,30,1873,61.75
64916,1904,26,1878,61.75
67265,1904,24,1880,61.75
67780,1904,26,1878,61.75
68671,1905,40,1865,61.75
68939,1905,27,1878,61.75
69215,1905,18,1887,61.75
69581,1905,23,1882,61.75
71573,1905,48,1857,61.75
78190,1907,60,1847,61.75
80122,1907,41,1866,61.75
85272,1908,19,1889,61.75
86546,1908,26,1882,61.75
90572,1909,30,1879,61.75
93320,1910,34,1876,61.75
93746,1910,48,1862,61.75
96938,1910,40,1870,61.75
99400,1911,39,1872,61.75
99606,1911,57,1854,61.75
100241,1911,53,1858,61.75
103736,1912,22,1890,61.75
105938,1912,20,1892,61.75
107556,1912,27,1885,61.75
112543,1914,24,1890,61.75
114763,1914,35,1879,61.75
115983,1914,17,1897,61.75
118423,1915,57,1858,61.75
121367,1916,44,1872,61.75
122210,1917,27,1890,61.75
123910,1918,61,1857,61.75
125595,1920,35,1885,61.75
126803,1920,31,1889,61.75
128837,1922,41,1881,61.75
132330,1923,50,1873,61.75
132424,1923,38,1885,61.75
135638,1925,27,1898,61.75
159,1881,26,1855,62.00
199,1881,44,1837,62.00
325,1881,53,1828,62.00
405,1881,21,1860,62.00
419,1881,33,1848,62.00
468,1881,23,1858,62.00
469,1881,18,1863,62.00
503,1881,30,1851,62.00
522,1881,40,1841,62.00
568,1881,28,1853,62.00
639,1881,20,1861,62.00
704,1881,30,1851,62.00
830,1881,32,1849,62.00
864,1881,62,1819,62.00
915,1881,21,1860,62.00
982,1881,21,1860,62.00
985,1881,67,1814,62.00
1015,1881,19,1862,62.00
1037,1881,22,1859,62.00
1177,1881,44,1837,62.00
1207,1881,20,1861,62.00
1234,1881,24,1857,62.00
1255,1881,65,1816,62.00
1432,1881,19,1862,62.00
1437,1881,30,1851,62.00
1471,1881,53,1828,62.00
1567,1881,62,1819,62.00
1593,1881,23,1858,62.00
1595,1881,32,1849,62.00
1622,1881,26,1855,62.00
1628,1881,40,1841,62.00
1642,1881,27,1854,62.00
1647,1881,24,1857,62.00
1684,1881,41,1840,62.00
1757,1881,48,1833,62.00
1845,1881,38,1843,62.00
1903,1881,28,1853,62.00
1922,1881,21,1860,62.00
1931,1881,36,1845,62.00
1964,1881,51,1830,62.00
2007,1881,42,1839,62.00
2045,1881,38,1843,62.00
2080,1881,43,1838,62.00
2114,1881,41,1840,62.00
2154,1881,36,1845,62.00
2227,1881,36,1845,62.00
2369,1881,21,1860  ,62.00
2395,1881,18,1863,62.00
2409,1881,28,1853,62.00
2463,1881,38,1843,62.00
2520,1881,35,1846,62.00
2536,1881,31,1850,62.00
2615,1881,32,1849,62.00
2638,1881,49,1832,62.00
2669,1881,26,1855,62.00
2743,1881,35,1846,62.00
2830,1881,52,1829,62.00
2870,1881,49,1832,62.00
2943,1881,30,1851,62.00
2944,1881,18,1863,62.00
2960,1881,20,1861,62.00
2967,1881,52,1829,62.00
2993,1881,47,1834,62.00
3040,1881,21,1860,62.00
3086,1881,31,1850,62.00
3270,1881,52,1829,62.00
3393,1881,31,1850,62.00
3395,1881,47,1834,62.00
3405,1881,43,1838,62.00
3467,1881,21,1860,62.00
3551,1881,35,1846,62.00
3563,1881,62,1819,62.00
3584,1881,32,1849,62.00
3608,1881,59,1822,62.00
3622,1881,18,1863,62.00
3657,1881,37,1844 ,62.00
3809,1881,49,1832,62.00
3961,1881,37,1844,62.00
4001,1881,19,1862,62.00
4052,1881,20,1861,62.00
4224,1882,39,1843,62.00
4253,1882,35,1847 ,62.00
4330,1882,31,1851,62.00
4369,1882,40,1842,62.00
4582,1882,24,1858,62.00
4645,1882,47,1835,62.00
4660,1882,27,1855,62.00
4667,1882,34,1848,62.00
4681,1882,19,1863,62.00
4699,1882,42,1840,62.00
4730,1882,32,1850,62.00
4748,1882,43,1839,62.00
4946,1882,35,1847,62.00
4973,1882,37,1845,62.00
5093,1882,51,1831,62.00
5115,1882,51,1831,62.00
5121,1882,44,1838,62.00
5197,1882,61,1821,62.00
5297,1882,25,1857,62.00
5308,1882,38,1844,62.00
5345,1882,25,1857,62.00
5354,1882,17,1865,62.00
5453,1882,33,1849,62.00
5484,1882,24,1858,62.00
5503,1882,54,1828,62.00
5559,1882,26,1856,62.00
5819,1882,20,1862,62.00
5878,1882,44,1838,62.00
5900,1882,42,1840,62.00
6007,1882,30,1852,62.00
6020,1882,49,1833,62.00
6079,1882,18,1864,62.00
6126,1882,28,1854,62.00
6166,1882,28,1854,62.00
6250,1882,20,1862,62.00
6336,1882,36,1846,62.00
6360,1882,42,1840,62.00
6376,1882,26,1856,62.00
6406,1882,32,1850,62.00
6540,1882,20,1862,62.00
6640,1882,40,1842,62.00
6671,1882,50,1832,62.00
6691,1882,24,1858,62.00
6794,1882,34,1848,62.00
6847,1882,31,1851,62.00
6996,1882,25,1857,62.00
7039,1882,19,1863,62.00
7050,1882,47,1835,62.00
7214,1882,28,1854,62.00
7254,1882,28,1854,62.00
7294,1882,59,1823,62.00
7322,1882,63,1819,62.00
7378,1882,28,1854,62.00
7585,1882,47,1835,62.00
7611,1882,43,1839,62.00
7620,1882,31,1851,62.00
7633,1882,32,1850 ,62.00
7697,1882,44,1838,62.00
7721,1882,23,1859,62.00
7738,1882,17,1865,62.00
7773,1882,40,1842,62.00
7811,1882,46,1836,62.00
7841,1882,22,1860 ,62.00
7852,1882,17,1865,62.00
7935,1882,51,1831,62.00
7961,1882,49,1833,62.00
7987,1882,63,1819,62.00
8066,1882,29,1853,62.00
8071,1882,45,1837,62.00
8156,1882,41,1841,62.00
8171,1882,53,1829,62.00
8189,1882,39,1843,62.00
8289,1882,31,1851,62.00
8423,1882,20,1862,62.00
8467,1882,56,1826,62.00
8481,1882,46,1836,62.00
8593,1889,20,1869,62.00
8637,1889,55,1834,62.00
8657,1889,22,1867,62.00
8751,1889,48,1841,62.00
8799,1889,21,1868,62.00
9010,1889,24,1865,62.00
9099,1889,40,1849,62.00
9307,1889,33,1856,62.00
9443,1889,46,1843,62.00
9482,1889,19,1870,62.00
9572,1889,45,1844,62.00
9647,1889,37,1852,62.00
9661,1889,41,1848,62.00
9773,1889,53,1836,62.00
9778,1889,33,1856,62.00
9786,1889,35,1854,62.00
9908,1889,19,1870,62.00
10129,1889,31,1858,62.00
10157,1889,33,1856,62.00
10493,1889,36,1853,62.00
10517,1889,50,1839,62.00
10603,1889,36,1853,62.00
10832,1889,33,1856,62.00
10984,1889,53,1836,62.00
11291,1889,57,1832,62.00
11378,1889,47,1842 ,62.00
11404,1889,33,1856,62.00
11408,1889,32,1857,62.00
11413,1889,27,1862,62.00
11539,1889,42,1847,62.00
11683,1889,56,1833,62.00
11714,1889,48,1841,62.00
11778,1889,53,1836,62.00
11899,1889,38,1851,62.00
11904,1889,35,1854,62.00
12097,1889,43,1846,62.00
12135,1889,43,1846,62.00
12150,1889,41,1848,62.00
12156,1889,33,1856,62.00
12392,1889,35,1854,62.00
12405,1889,48,1841,62.00
12517,1889,29,1860,62.00
12558,1890,24,1866,62.00
12871,1890,32,1858,62.00
12932,1890,30,1860,62.00
13184,1890,46,1844,62.00
13225,1890,64,1826,62.00
13245,1890,42,1848,62.00
13349,1890,45,1845,62.00
13355,1890,40,1850,62.00
13590,1890,40,1850,62.00
13610,1890,42,1848,62.00
13783,1890,32,1858,62.00
13821,1890,70,1820,62.00
13853,1890,42,1848,62.00
14000,1890,63,1827,62.00
14081,1890,23,1867,62.00
14212,1890,30,1860,62.00
14542,1890,21,1869,62.00
14580,1890,36,1854,62.00
14588,1890,66,1824,62.00
14679,1890,30,1860,62.00
14831,1890,38,1852,62.00
14843,1890,41,1849,62.00
14903,1890,26,1864,62.00
14983,1890,52,1838,62.00
15021,1890,45,1845,62.00
15073,1890,43,1847,62.00
15121,1890,29,1861,62.00
15244,1890,50,1840,62.00
15270,1890,37,1853,62.00
15458,1890,28,1862,62.00
15503,1890,43,1847,62.00
15510,1890,41,1849,62.00
15559,1890,26,1864,62.00
15606,1890,50,1840,62.00
15646,1890,19,1871,62.00
15649,1890,25,1865,62.00
15812,1890,27,1863,62.00
15826,1890,31,1859,62.00
15878,1890,40,1850,62.00
16060,1890,44,1846,62.00
16118,1890,35,1855,62.00
16576,1890,21,1869,62.00
16615,1890,46,1844,62.00
16663,1891,38,1853,62.00
16690,1891,19,1872,62.00
16716,1891,59,1832,62.00
16718,1891,43,1848,62.00
16720,1891,24,1867,62.00
16772,1891,41,1850,62.00
16836,1891,31,1860,62.00
16871,1891,75,1816,62.00
16885,1891,56,1835,62.00
17211,1891,35,1856,62.00
17221,1891,72,1819,62.00
17288,1891,23,1868,62.00
17337,1891,28,1863,62.00
17441,1891,33,1858,62.00
17466,1891,21,1870,62.00
17490,1891,45,1846,62.00
17542,1891,31,1860,62.00
17573,1891,51,1840,62.00
17754,1891,47,1844,62.00
17763,1891,33,1858,62.00
17782,1891,23,1868,62.00
17978,1891,39,1852,62.00
18173,1891,43,1848,62.00
18268,1891,41,1850,62.00
18307,1891,47,1844,62.00
18420,1891,58,1833,62.00
18421,1891,48,1843,62.00
18449,1891,22,1869,62.00
18463,1891,45,1846,62.00
18481,1891,38,1853,62.00
18540,1891,37,1854,62.00
18558,1891,40,1851,62.00
18707,1891,39,1852,62.00
18812,1891,59,1832,62.00
18828,1891,76,1815,62.00
18889,1891,37,1854,62.00
18991,1891,24,1867,62.00
19083,1891,36,1855,62.00
19159,1891,44,1847,62.00
19250,1891,44,1847,62.00
19343,1891,41,1850,62.00
19345,1891,40,1851,62.00
19374,1891,27,1864,62.00
19598,1892,31,1861,62.00
19691,1892,58,1834,62.00
19692,1892,51,1841,62.00
19719,1892,36,1856,62.00
19897,1892,41,1851,62.00
19960,1892,58,1834,62.00
19970,1892,34,1858,62.00
20065,1892,35,1857,62.00
20204,1892,25,1867,62.00
20213,1892,76,1816,62.00
20261,1892,42,1850,62.00
20385,1892,26,1866,62.00
20421,1892,35,1857,62.00
20446,1892,33,1859,62.00
20543,1892,32,1860,62.00
20600,1892,48,1844,62.00
20668,1892,49,1843,62.00
20790,1892,31,1861,62.00
20938,1892,18,1874,62.00
20988,1892,44,1848,62.00
21029,1892,22,1870,62.00
21274,1892,30,1862,62.00
21502,1892,51,1841,62.00
21613,1892,51,1841,62.00
21729,1892,81,1811,62.00
21772,1892,20,1872,62.00
21780,1892,54,1838,62.00
21802,1892,54,1838,62.00
21965,1892,20,1872,62.00
21980,1892,28,1864,62.00
22087,1892,37,1855,62.00
22121,1892,42,1850,62.00
22137,1892,52,1840,62.00
22139,1892,55,1837,62.00
22237,1892,44,1848,62.00
22243,1892,41,1851,62.00
22244,1892,44,1848,62.00
22411,1892,20,1872,62.00
22452,1892,33,1859,62.00
22507,1892,37,1855,62.00
22577,1892,48,1844,62.00
22618,1892,46,1846,62.00
22759,1892,40,1852,62.00
22819,1892,32,1860,62.00
23013,1892,20,1872,62.00
23091,1892,53,1839,62.00
23139,1892,33,1859,62.00
23287,1893,29,1864,62.00
23351,1893,61,1832,62.00
23443,1893,53,1840,62.00
23451,1893,24,1869,62.00
23541,1893,30,1863,62.00
23621,1893,66,1827,62.00
23622,1893,60,1833,62.00
23623,1893,43,1850,62.00
23782,1893,19,1874,62.00
23790,1893,22,1871,62.00
23832,1893,79,1814,62.00
23896,1893,45,1848,62.00
23968,1893,24,1869,62.00
24131,1893,51,1842,62.00
24181,1893,36,1857,62.00
24194,1893,22,1871,62.00
24291,1893,31,1862,62.00
24301,1893,32,1861,62.00
24442,1893,35,1858,62.00
24778,1893,40,1853,62.00
24781,1893,24,1869,62.00
24848,1893,25,1868,62.00
24922,1893,36,1857,62.00
25045,1893,26,1867,62.00
25220,1893,19,1874,62.00
25253,1893,45,1848,62.00
25424,1893,23,1870,62.00
25429,1893,27,1866,62.00
25440,1893,52,1841,62.00
25588,1893,43,1850,62.00
25603,1893,36,1857,62.00
25684,1893,23,1870,62.00
25846,1893,29,1864,62.00
25851,1893,53,1840,62.00
25987,1893,33,1860,62.00
26082,1893,71,1822,62.00
26168,1893,44,1849,62.00
26284,1893,23,1870,62.00
26347,1893,37,1856,62.00
26428,1893,26,1867,62.00
26576,1893,46,1847,62.00
26596,1893,43,1850,62.00
26680,1893,38,1855,62.00
26808,1893,70,1823,62.00
26829,1893,44,1849,62.00
26963,1893,60,1833,62.00
27094,1894,27,1867,62.00
27325,1894,40,1854,62.00
27373,1894,53,1841,62.00
27406,1894,36,1858,62.00
27483,1894,28,1866 ,62.00
27665,1891,45,1846,62.00
27668,1894,29,1865,62.00
27786,1894,29,1865,62.00
28058,1894,18,1876,62.00
28064,1894,21,1873,62.00
28184,1894,48,1846,62.00
28208,1894,49,1845,62.00
28394,1894,29,1865,62.00
28428,1894,53,1841,62.00
28437,1894,26,1868,62.00
28445,1894,35,1859,62.00
28832,1894,39,1855,62.00
28852,1894,41,1853,62.00
28854,1894,51,1843 ,62.00
28866,1894,28,1866,62.00
28892,1894,23,1871,62.00
28981,1894,36,1858,62.00
29016,1894,34,1860,62.00
29118,1894,21,1873,62.00
29225,1894,34,1860,62.00
29338,1904,30,1874,62.00
29568,1894,25,1869,62.00
29658,1894,30,1864,62.00
29858,1894,30,1864,62.00
30002,1894,28,1866 ,62.00
30032,1894,38,1856,62.00
30070,1894,50,1844,62.00
30128,1894,39,1855,62.00
30208,1894,80,1814,62.00
30265,1894,32,1862,62.00
30312,1894,33,1861,62.00
30439,1894,68,1826,62.00
30440,1894,30,1864,62.00
30711,1894,24,1870,62.00
30904,1895,57,1838,62.00
30907,1895,49,1846,62.00
30928,1895,60,1835,62.00
31058,1895,36,1859,62.00
31079,1895,67,1828,62.00
31287,1895,50,1845,62.00
31330,1895,57,1838,62.00
31723,1895,35,1860,62.00
31823,1895,29,1866,62.00
31878,1895,43,1852,62.00
31885,1895,35,1860,62.00
31886,1895,23,1872,62.00
31898,1895,27,1868,62.00
32018,1895,34,1861,62.00
32096,1895,62,1833,62.00
32159,1895,40,1855,62.00
32249,1895,43,1852,62.00
32326,1895,21,1874,62.00
32327,1895,43,1852,62.00
32424,1895,36,1859,62.00
32486,1895,18,1877,62.00
32668,1895,19,1876,62.00
32970,1895,26,1869,62.00
33071,1895,53,1842,62.00
33119,1895,32,1863,62.00
33294,1895,56,1839,62.00
33297,1895,24,1871,62.00
33341,1895,30,1865,62.00
33414,1895,29,1866,62.00
33577,1895,22,1873,62.00
33636,1895,41,1854,62.00
33639,1895,44,1851,62.00
33664,1895,31,1864,62.00
33769,1895,26,1869,62.00
33913,1895,41,1854,62.00
34042,1895,30,1865,62.00
34069,1895,41,1854,62.00
34307,1895,27,1868,62.00
34401,1895,41,1854,62.00
34523,1895,49,1846,62.00
34579,1895,38,1857,62.00
34581,1895,25,1870,62.00
34767,1896,27,1869,62.00
34856,1896,41,1855,62.00
34959,1896,41,1855,62.00
34964,1896,73,1823,62.00
35031,1896,29,1867,62.00
35133,1896,55,1841,62.00
35144,1896,19,1877,62.00
35207,1896,39,1857,62.00
35835,1896,45,1851,62.00
35957,1896,62,1834,62.00
36315,1896,53,1843,62.00
36465,1896,38,1858,62.00
36598,1896,39,1857,62.00
36717,1896,20,1876,62.00
36785,1896,31,1865,62.00
36932,1896,29,1867,62.00
37099,1896,37,1859,62.00
37115,1896,27,1869,62.00
37159,1896,49,1847,62.00
37284,1896,36,1860,62.00
37308,1896,30,1866,62.00
37361,1896,50,1846,62.00
37565,1896,20,1876,62.00
37567,1896,43,1853,62.00
37568,1896,46,1850,62.00
37685,1896,30,1866,62.00
37912,1896,18,1878,62.00
38020,1896,26,1870,62.00
38120,1896,43,1853,62.00
38221,1896,38,1858,62.00
38268,1896,15,1881,62.00
38412,1896,30,1866,62.00
38868,1897,23,1874,62.00
39586,1897,50,1847,62.00
40102,1897,42,1855,62.00
40264,1897,28,1869,62.00
40366,1897,37,1860,62.00
40432,1897,33,1864,62.00
40459,1897,29,1868,62.00
40534,1897,57,1840,62.00
40535,1897,24,1873,62.00
40574,1897,39,1858,62.00
40744,1897,23,1874,62.00
40819,1897,36,1861,62.00
41128,1897,49,1848,62.00
41148,1897,47,1850,62.00
41358,1897,25,1872,62.00
41583,1897,60,1837,62.00
41613,1897,62,1835,62.00
41615,1897,29,1868,62.00
41668,1897,23,1874,62.00
42031,1897,54,1843,62.00
42052,1897,33,1864,62.00
42141,1897,29,1868,62.00
42238,1897,26,1871,62.00
42505,1898,19,1879,62.00
43109,1898,38,1860,62.00
43421,1898,20,1878,62.00
43423,1898,31,1867,62.00
43713,1898,54,1844,62.00
43717,1898,23,1875,62.00
43920,1898,30,1868,62.00
43921,1898,42,1856,62.00
43926,1898,48,1850,62.00
43974,1898,61,1837,62.00
44203,1898,37,1861,62.00
44204,1898,58,1840,62.00
44288,1898,43,1855,62.00
44292,1898,36,1862,62.00
44299,1898,28,1870,62.00
44494,1898,20,1878,62.00
44590,1898,29,1869,62.00
44960,1898,28,1870,62.00
44961,1898,37,1861,62.00
45206,1898,51,1847,62.00
45207,1898,18,1880,62.00
45312,1898,35,1863,62.00
45604,1898,34,1864,62.00
45777,1898,26,1872,62.00
45783,1898,29,1869,62.00
45820,1898,28,1870,62.00
45882,1898,35,1863,62.00
45950,1898,67,1831,62.00
46006,1898,32,1866,62.00
46010,1898,25,1873,62.00
46352,1899,41,1858,62.00
46478,1899,27,1872,62.00
46479,1899,50,1849,62.00
46509,1899,44,1855,62.00
46702,1899,57,1842,62.00
46762,1899,29,1870,62.00
46890,1899,22,1877,62.00
47097,1899,44,1855,62.00
47408,1899,27,1872,62.00
47545,1899,28,1871,62.00
47621,1899,27,1872,62.00
47623,1899,35,1864,62.00
47809,1899,21,1878,62.00
47842,1899,40,1859,62.00
47979,1899,19,1880,62.00
48300,1899,28,1871,62.00
48884,1899,28,1871,62.00
49249,1899,46,1853,62.00
49312,1899,23,1876,62.00
49491,1899,28,1871,62.00
49515,1899,58,1841,62.00
49516,1899,21,1878,62.00
49690,1899,25,1874,62.00
49706,1899,37,1862,62.00
49762,1899,29,1870,62.00
50259,1900,55,1845,62.00
50362,1900,33,1867,62.00
50363,1900,56,1844,62.00
50705,1900,41,1859,62.00
50787,1900,28,1872,62.00
50980,1900,63,1837,62.00
51004,1900,46,1854,62.00
51225,1900,21,1879,62.00
51292,1900,20,1880,62.00
51391,1900,41,1859,62.00
51392,1900,21,1879,62.00
51808,1900,34,1866,62.00
51877,1900,43,1857,62.00
51941,1900,51,1849,62.00
52012,1900,27,1873,62.00
52182,1900,25,1875,62.00
52187,1900,19,1881,62.00
52202,1900,31,1869,62.00
52301,1900,24,1876,62.00
52445,1900,46,1854,62.00
52446,1900,21,1879,62.00
52447,1900,40,1860,62.00
52519,1900,38,1862,62.00
52777,1900,20,1880,62.00
53126,1900,47,1853,62.00
53194,1900,23,1877,62.00
53320,1900,38,1862,62.00
53460,1901,30,1871,62.00
53528,1901,38,1863,62.00
53782,1901,40,1861,62.00
53786,1900,24,1876,62.00
53810,1901,40,1861,62.00
53814,1900,24,1876,62.00
54164,1901,42,1859,62.00
54241,1901,53,1848,62.00
54273,1901,46,1855,62.00
54411,1901,32,1869,62.00
54488,1901,25,1876,62.00
54960,1901,37,1864,62.00
55018,1901,45,1856,62.00
55148,1901,33,1868,62.00
55344,1901,56,1845,62.00
55448,1901,48,1853,62.00
55733,1901,51,1850,62.00
55809,1901,56,1845,62.00
55916,1901,72,1829,62.00
56534,1901,49,1852,62.00
56628,1901,32,1869,62.00
56713,1901,29,1872,62.00
56728,1901,41,1860,62.00
56802,1901,56,1845,62.00
57111,1902,25,1877,62.00
57498,1902,57,1845,62.00
57686,1902,39,1863,62.00
57780,1902,44,1858,62.00
57994,1902,50,1852,62.00
58132,1902,28,1874,62.00
58254,1902,42,1860,62.00
58516,1902,57,1845,62.00
58517,1902,22,1880,62.00
58587,1902,58,1844,62.00
58750,1902,50,1852,62.00
58751,1902,41,1861,62.00
58829,1902,24,1878,62.00
58967,1902,46,1856,62.00
59057,1902,24,1878,62.00
59316,1902,25,1877,62.00
59444,1902,68,1834,62.00
59744,1902,25,1877,62.00
60153,1902,27,1875,62.00
60419,1902,26,1876,62.00
60671,1903,43,1860,62.00
60784,1903,22,1881,62.00
60898,1902,32,1870,62.00
60924,1903,28,1875,62.00
61031,1903,46,1857,62.00
61140,1903,47,1856,62.00
61716,1903,34,1869,62.00
61776,1903,38,1865,62.00
61955,1903,42,1861,62.00
62022,1903,38,1865,62.00
62219,1903,29,1874,62.00
62388,1903,45,1858,62.00
62458,1903,25,1878,62.00
62620,1903,43,1860,62.00
62948,1903,29,1874,62.00
63246,1903,64,1839,62.00
63248,1903,33,1870,62.00
63412,1903,40,1863,62.00
63697,1903,50,1853,62.00
63853,1903,41,1862,62.00
63854,1903,30,1873,62.00
63856,1903,22,1881,62.00
64075,1903,43,1860,62.00
64079,1903,28,1875,62.00
64080,1908,36,1872,62.00
64260,1904,46,1858,62.00
64549,1904,30,1874,62.00
64552,1904,26,1878,62.00
64784,1904,35,1869,62.00
65291,1904,67,1837,62.00
65349,1904,23,1881,62.00
65433,1904,47,1857,62.00
65605,1904,40,1864,62.00
65710,1904,25,1879,62.00
65738,1904,28,1876,62.00
65912,1904,31,1873,62.00
65989,1904,38,1866,62.00
66689,1904,26,1878,62.00
66787,1904,42,1862,62.00
66850,1904,20,1884,62.00
66869,1904,39,1865,62.00
66884,1904,41,1863,62.00
67087,1904,19,1885,62.00
67193,1904,43,1861,62.00
67336,1904,31,1873,62.00
67498,1904,42,1862,62.00
67595,1904,22,1882,62.00
67632,1904,24,1880,62.00
67634,1904,45,1859,62.00
67902,1904,30,1874,62.00
68232,1904,44,1860,62.00
68336,1904,30,1874,62.00
68487,1904,30,1874,62.00
68701,1905,27,1878,62.00
68869,1905,46,1859,62.00
68936,1905,70,1835,62.00
69158,1905,35,1870,62.00
69213,1905,43,1862,62.00
69222,1905,32,1873,62.00
69399,1905,40,1865,62.00
69577,1905,36,1869,62.00
70136,1905,27,1878,62.00
70490,1905,34,1871,62.00
70604,1905,50,1855,62.00
70855,1905,24,1881,62.00
70965,1905,31,1874,62.00
71300,1905,33,1872,62.00
71673,1905,53,1852,62.00
71745,1905,26,1879,62.00
71799,1905,29,1876,62.00
71869,1905,41,1864,62.00
71963,1905,40,1865,62.00
71965,1905,35,1870,62.00
72018,1905,34,1871,62.00
72066,1905,21,1884,62.00
72409,1905,30,1875,62.00
72554,1905,29,1876,62.00
72559,1905,41,1864,62.00
72683,1905,52,1853,62.00
73149,1906,25,1881,62.00
73275,1906,37,1869,62.00
73415,1906,32,1874,62.00
73508,1906,40,1866,62.00
73736,1906,38,1868,62.00
74826,1906,40,1866,62.00
74828,1906,31,1875,62.00
74875,1906,25,1881,62.00
75371,1906,36,1870,62.00
76124,1906,26,1880,62.00
76125,1906,40,1866,62.00
76150,1906,20,1886,62.00
76190,1906,35,1871,62.00
76408,1906,42,1864,62.00
76492,1906,48,1858,62.00
76630,1906,36,1870,62.00
76631,1906,69,1837,62.00
76932,1906,57,1849,62.00
76974,1906,26,1880,62.00
77378,1906,27,1879,62.00
77502,1907,46,1861,62.00
77583,1907,43,1864,62.00
77685,1907,33,1874,62.00
78660,1907,66,1841,62.00
79193,1907,26,1881,62.00
79253,1907,55,1852,62.00
79679,1907,35,1872,62.00
79698,1907,26,1881,62.00
79765,1907,44,1863,62.00
79989,1907,24,1883,62.00
80056,1907,43,1864,62.00
80345,1907,30,1877,62.00
80346,1907,35,1872,62.00
80543,1907,22,1885,62.00
80653,1907,33,1874,62.00
80654,1907,28,1879,62.00
81037,1907,54,1853,62.00
81290,1907,57,1850,62.00
81846,1907,49,1858,62.00
81927,1907,28,1879,62.00
82180,1907,46,1861,62.00
82258,1908,49,1859,62.00
82350,1908,45,1863,62.00
82398,1908,50,1858,62.00
82467,1903,18,1885,62.00
82621,1908,46,1862,62.00
82676,1908,28,1880,62.00
82827,1908,55,1853,62.00
83212,1908,62,1846,62.00
83706,1908,49,1859,62.00
83824,1908,37,1871,62.00
84664,1908,37,1871,62.00
84859,1908,29,1879,62.00
84888,1908,20,1888,62.00
84982,1908,30,1878,62.00
85213,1908,40,1868,62.00
85349,1908,34,1874,62.00
85422,1908,50,1858,62.00
85537,1909,42,1867,62.00
85672,1908,39,1869,62.00
86258,1908,39,1869,62.00
86538,1908,25,1883,62.00
86619,1908,56,1852,62.00
86621,1908,50,1858,62.00
86805,1908,28,1880,62.00
87251,1909,24,1885,62.00
87680,1909,29,1880,62.00
87745,1909,42,1867,62.00
88059,1909,63,1846,62.00
88060,1909,37,1872,62.00
88257,1909,52,1857,62.00
88474,1909,34,1875,62.00
88608,1909,23,1886,62.00
88975,1909,20,1889,62.00
89279,1909,38,1871,62.00
89599,1909,45,1864,62.00
90942,1909,41,1868,62.00
91608,1909,33,1876,62.00
91617,1909,40,1869,62.00
91812,1909,49,1860,62.00
92091,1909,30,1879,62.00
92141,1909,58,1851,62.00
92153,1909,22,1887,62.00
92159,1909,44,1865,62.00
92561,1910,56,1854,62.00
93714,1910,51,1859,62.00
93869,1910,26,1884,62.00
94132,1910,40,1870,62.00
94773,1910,52,1858,62.00
95043,1910,27,1883,62.00
95223,1910,44,1866,62.00
96047,1910,25,1885,62.00
96244,1910,42,1868,62.00
96245,1910,41,1869,62.00
96937,1910,37,1873,62.00
97126,1910,38,1872,62.00
97276,1910,43,1867,62.00
97558,1910,50,1860,62.00
97773,1911,27,1884,62.00
97970,1911,65,1846,62.00
98015,1911,22,1889,62.00
98608,1911,43,1868,62.00
98819,1911,64,1847,62.00
99334,1911,51,1860,62.00
99430,1911,25,1886,62.00
99567,1911,48,1863,62.00
99716,1911,45,1866,62.00
100313,1911,36,1875,62.00
100316,1911,33,1878,62.00
100545,1911,37,1874,62.00
100663,1911,43,1868,62.00
100903,1911,52,1859,62.00
101683,1911,38,1873,62.00
102061,1911,28,1883,62.00
102075,1911,47,1864,62.00
102194,1911,64,1847,62.00
102299,1911,35,1876,62.00
102371,1911,27,1884,62.00
102490,1911,49,1862,62.00
103030,1911,51,1860,62.00
103491,1912,24,1888,62.00
103675,1912,36,1876,62.00
104267,1912,22,1890,62.00
104268,1912,33,1879,62.00
104330,1912,35,1877,62.00
105003,1912,25,1887,62.00
105243,1908,49,1859,62.00
105583,1912,41,1871,62.00
105848,1912,71,1841,62.00
106194,1912,19,1893,62.00
106809,1912,31,1881,62.00
107113,1912,60,1852,62.00
107325,1912,28,1884,62.00
107814,1912,31,1881,62.00
108113,1913,33,1880,62.00
108513,1913,29,1884,62.00
108727,1913,45,1868,62.00
109341,1913,53,1860,62.00
109404,1913,23,1890,62.00
109506,1913,40,1873,62.00
109730,1913,31,1882,62.00
109875,1913,41,1872,62.00
110451,1913,31,1882,62.00
110610,1913,23,1890,62.00
110697,1913,40,1873,62.00
110878,1913,50,1863,62.00
111195,1913,28,1885,62.00
111202,1913,41,1872,62.00
111250,1913,65,1848,62.00
111620,1913,57,1856,62.00
111758,1913,24,1889,62.00
111773,1913,41,1872,62.00
111941,1913,57,1856,62.00
112004,1913,21,1892,62.00
112121,1913,30,1883,62.00
112123,1913,41,1872,62.00
112260,1913,39,1874,62.00
112261,1913,54,1859,62.00
112945,1914,40,1874,62.00
113056,1914,39,1875,62.00
113111,1914,37,1877,62.00
113265,1914,27,1887,62.00
113984,1914,35,1879,62.00
114274,1914,39,1875,62.00
114320,1914,41,1873,62.00
114717,1914,57,1857,62.00
114822,1914,48,1866,62.00
115530,1914,47,1867,62.00
115673,1914,22,1892,62.00
115813,1914,22,1892,62.00
115881,1914,40,1874,62.00
115980,1914,46,1868,62.00
116082,1914,30,1884,62.00
116125,1914,54,1860,62.00
116210,1914,36,1878,62.00
116442,1914,36,1878,62.00
116602,1914,23,1891,62.00
116650,1915,23,1892,62.00
116822,1915,31,1884,62.00
118315,1915,47,1868,62.00
118674,1915,39,1876,62.00
119006,1915,29,1886,62.00
119198,1915,45,1870,62.00
119300,1915,26,1889,62.00
120327,1916,28,1888,62.00
120333,1916,59,1857,62.00
120620,1916,54,1862,62.00
120686,1916,72,1844,62.00
121051,1916,37,1879,62.00
121224,1916,53,1863,62.00
121251,1916,21,1895,62.00
121343,1916,40,1876,62.00
122038,1917,41,1876,62.00
122212,1917,45,1872,62.00
122676,1917,54,1863,62.00
122743,1917,48,1869,62.00
123305,1918,39,1879,62.00
123416,1918,50,1868,62.00
123423,1918,62,1856,62.00
123443,1918,52,1866,62.00
123488,1918,25,1893,62.00
123614,1918,19,1899,62.00
123637,1918,24,1894,62.00
123804,1918,51,1867,62.00
123854,1918,29,1889,62.00
123914,1918,19,1899,62.00
123974,1918,48,1870,62.00
124044,1918,40,1878,62.00
124323,1918,18,1900,62.00
124405,1919,29,1890,62.00
124642,1919,51,1868,62.00
124677,1919,32,1887,62.00
124700,1918,28,1890,62.00
124738,1919,29,1890,62.00
124813,1919,33,1886,62.00
124885,1919,47,1872,62.00
124919,1919,22,1897,62.00
124951,1919,41,1878,62.00
125461,1919,25,1894,62.00
125462,1919,27,1892,62.00
125519,1920,46,1874,62.00
125691,1920,33,1887,62.00
126113,1920,25,1895,62.00
126170,1920,19,1901,62.00
126231,1920,26,1894,62.00
126287,1920,35,1885,62.00
126409,1920,25,1895,62.00
126854,1920,21,1899,62.00
127119,1921,40,1881,62.00
127193,1921,44,1877,62.00
127330,1921,46,1875,62.00
127366,1921,33,1888,62.00
127370,1921,32,1889,62.00
127469,1921,51,1870,62.00
128007,1921,21,1900,62.00
128225,1921,39,1882,62.00
128463,1921,22,1899,62.00
128759,1921,49,1872,62.00
129304,1922,47,1875,62.00
129444,1922,61,1861,62.00
129511,1922,35,1887,62.00
129640,1922,31,1891,62.00
129737,1922,31,1891,62.00
129738,1922,44,1878,62.00
129801,1922,53,1869,62.00
129890,1922,21,1901,62.00
130031,1922,30,1892,62.00
130858,1923,46,1877,62.00
130975,1923,38,1885,62.00
131050,1923,37,1886,62.00
131214,1923,34,1889,62.00
131297,1923,22,1901,62.00
131548,1923,41,1882,62.00
131803,1923,51,1872,62.00
131880,1923,43,1880,62.00
131906,1923,28,1895,62.00
132079,1923,65,1858,62.00
132080,1923,38,1885,62.00
132118,1923,25,1898,62.00
132217,1923,25,1898,62.00
132406,1923,33,1890,62.00
132519,1923,42,1881,62.00
132770,1924,49,1875,62.00
133487,1924,49,1875,62.00
133574,1924,40,1884,62.00
133646,1924,44,1880,62.00
133799,1924,28,1896,62.00
134124,1924,25,1899,62.00
134125,1924,26,1898,62.00
134335,1924,27,1897,62.00
134600,1925,47,1878,62.00
135017,1925,44,1881,62.00
135088,1925,31,1894,62.00
135089,1925,40,1885,62.00
135145,1925,22,1903,62.00
135655,1925,21,1904,62.00
135682,1925,24,1901,62.00
135845,1925,39,1886,62.00
725,1881,48,1833,62.25
888,1881,56,1825,62.25
942,1881,42,1839,62.25
1932,1881,33,1848,62.25
2302,1881,38,1843,62.25
2366,1881,40,1841,62.25
2876,1881,41,1840,62.25
3607,1881,44,1837,62.25
3811,1881,41,1840,62.25
3926,1881,35,1846,62.25
4262,1882,68,1814,62.25
4407,1882,41,1841,62.25
4546,1882,31,1851,62.25
4549,1882,40,1842,62.25
5148,1882,40,1842,62.25
5176,1882,37,1845,62.25
5407,1882,25,1857,62.25
6676,1882,50,1832,62.25
7156,1882,33,1849,62.25
7234,1882,26,1856,62.25
8137,1882,37,1845,62.25
9172,1889,18,1871,62.25
9173,1889,25,1864,62.25
9945,1889,56,1833,62.25
10056,1889,53,1836,62.25
10258,1889,48,1841,62.25
10372,1889,38,1851,62.25
10478,1889,33,1856,62.25
10727,1889,23,1866,62.25
10838,1889,50,1839,62.25
11107,1889,45,1844,62.25
12174,1889,32,1857,62.25
13100,1890,33,1857,62.25
13174,1890,25,1865,62.25
13901,1890,49,1841,62.25
13962,1890,46,1844,62.25
14807,1890,46,1844,62.25
14881,1890,22,1868,62.25
15195,1890,48,1842,62.25
15480,1890,45,1845,62.25
15683,1890,37,1853,62.25
15825,1890,37,1853,62.25
16507,1890,56,1834,62.25
16622,1891,18,1873,62.25
17108,1891,20,1871,62.25
17404,1891,33,1858,62.25
17817,1891,37,1854,62.25
18439,1891,47,1844,62.25
19995,1892,44,1848 ,62.25
20046,1892,20,1872,62.25
23517,1893,26,1867,62.25
23877,1893,28,1865,62.25
24353,1893,56,1837,62.25
26287,1893,53,1840,62.25
26533,1893,27,1866,62.25
27403,1894,19,1875,62.25
28764,1894,49,1845,62.25
28792,1894,44,1850,62.25
30127,1894,28,1866,62.25
30724,1894,27,1867,62.25
30952,1895,39,1856,62.25
31964,1895,32,1863,62.25
32007,1895,24,1871,62.25
32904,1895,20,1875,62.25
34001,1895,54,1841,62.25
35732,1896,27,1869,62.25
37686,1896,30,1866,62.25
38409,1896,64,1832,62.25
39413,1897,26,1871,62.25
39793,1897,27,1870,62.25
40660,1897,30,1867,62.25
40740,1897,25,1872,62.25
41122,1897,36,1861,62.25
41482,1897,48,1849,62.25
42027,1897,24,1873,62.25
43149,1898,15,1883,62.25
43544,1898,50,1848,62.25
43714,1898,30,1868,62.25
44841,1898,31,1867,62.25
45591,1898,37,1861,62.25
46252,1899,37,1862,62.25
46416,1899,42,1857,62.25
46425,1899,57,1842,62.25
46480,1899,39,1860,62.25
47072,1899,66,1833,62.25
47547,1899,22,1877,62.25
47554,1899,27,1872,62.25
48266,1899,57,1842,62.25
48335,1899,29,1870,62.25
48656,1899,29,1870,62.25
48733,1899,21,1878,62.25
49178,1899,28,1871,62.25
49625,1899,27,1872,62.25
49806,1899,19,1880,62.25
50088,1900,45,1855,62.25
50614,1900,36,1864,62.25
50677,1900,27,1873,62.25
50681,1900,27,1873,62.25
51064,1900,58,1842,62.25
51072,1900,27,1873,62.25
51658,1900,31,1869,62.25
52717,1900,30,1870,62.25
53004,1900,30,1870,62.25
53006,1900,41,1859,62.25
53360,1900,28,1872,62.25
53615,1901,44,1857,62.25
54733,1901,27,1874,62.25
54809,1901,27,1874,62.25
57113,1902,29,1873,62.25
57122,1902,62,1840,62.25
58134,1902,24,1878,62.25
58419,1902,21,1881,62.25
59470,1902,30,1872,62.25
59547,1902,32,1870,62.25
60421,1902,43,1859,62.25
60921,1903,40,1863,62.25
61135,1903,48,1855,62.25
62544,1903,49,1854,62.25
62927,1903,50,1853,62.25
63696,1903,26,1877,62.25
65486,1904,35,1869,62.25
66020,1904,26,1878,62.25
67089,1904,26,1878,62.25
69774,1905,40,1865,62.25
70494,1905,31,1874,62.25
71060,1905,40,1865,62.25
73159,1906,28,1878,62.25
73773,1906,28,1878,62.25
75603,1906,29,1877,62.25
76082,1906,37,1869,62.25
77190,1906,26,1880,62.25
77500,1907,44,1863,62.25
79273,1907,50,1857,62.25
80832,1907,27,1880,62.25
80960,1907,51,1856,62.25
82259,1908,67,1841,62.25
82645,1908,29,1879,62.25
84464,1908,31,1877,62.25
84532,1908,22,1886,62.25
85471,1908,29,1879,62.25
85541,1908,40,1868,62.25
87722,1909,39,1870,62.25
88320,1909,37,1872,62.25
88421,1909,57,1852,62.25
88974,1909,26,1883,62.25
90574,1909,33,1876,62.25
91218,1909,19,1890,62.25
91912,1909,30,1879,62.25
93657,1910,35,1875,62.25
95839,1910,33,1877,62.25
96503,1910,60,1850,62.25
97220,1910,60,1850,62.25
97648,1910,40,1870,62.25
98354,1911,67,1844,62.25
98523,1911,22,1889,62.25
99634,1911,47,1864,62.25
100243,1911,52,1859,62.25
100379,1911,24,1887,62.25
100380,1911,52,1859,62.25
100875,1911,33,1878,62.25
101895,1911,21,1890,62.25
104945,1912,21,1891,62.25
106295,1912,29,1883,62.25
108663,1913,30,1883,62.25
109763,1913,36,1877,62.25
111044,1913,32,1881,62.25
111323,1913,25,1888,62.25
118256,1915,26,1889,62.25
118593,1915,21,1894,62.25
119301,1915,35,1880,62.25
119633,1916,32,1884,62.25
120022,1916,29,1887,62.25
122630,1917,72,1845,62.25
123636,1918,36,1882,62.25
123874,1918,28,1890,62.25
124052,1918,57,1861,62.25
125569,1920,47,1873,62.25
129780,1922,42,1880,62.25
130392,1922,35,1887,62.25
131132,1923,33,1890,62.25
453,1881,49,1832,62.50
808,1881,28,1853,62.50
827,1881,51,1830,62.50
868,1881,35,1846,62.50
907,1881,33,1848,62.50
1150,1881,31,1850,62.50
1379,1881,37,1844,62.50
1511,1881,41,1840,62.50
1615,1881,60,1821,62.50
1633,1881,40,1841,62.50
1672,1881,48,1833,62.50
1674,1881,41,1840,62.50
1729,1881,41,1840,62.50
1759,1881,27,1854,62.50
1826,1881,30,1851,62.50
1831,1881,35,1846,62.50
1894,1881,25,1856,62.50
2199,1881,47,1834,62.50
2222,1881,34,1847,62.50
2475,1881,45,1836,62.50
2713,1881,21,1860,62.50
2764,1881,28,1853,62.50
2847,1881,37,1844,62.50
3160,1881,47,1834,62.50
3323,1881,45,1836,62.50
3330,1881,35,1846,62.50
3582,1881,22,1859,62.50
3656,1881,29,1852,62.50
3718,1881,45,1836,62.50
3976,1881,35,1846,62.50
4033,1881,62,1819,62.50
4034,1881,41,1840,62.50
4108,1881,55,1826,62.50
4355,1882,17,1865,62.50
4456,1882,35,1847,62.50
4541,1882,34,1848,62.50
4893,1882,50,1832,62.50
4920,1882,24,1858,62.50
5018,1882,28,1854,62.50
5124,1882,26,1856,62.50
5153,1882,46,1836,62.50
5280,1882,52,1830,62.50
5405,1882,43,1839,62.50
5661,1882,20,1862,62.50
5822,1882,38,1844,62.50
5952,1882,20,1862,62.50
5970,1882,35,1847,62.50
6176,1882,42,1840,62.50
6218,1882,37,1845,62.50
6247,1882,40,1842,62.50
6293,1882,41,1841,62.50
6304,1882,31,1851,62.50
6492,1882,29,1853,62.50
6591,1882,48,1834,62.50
6621,1882,41,1841,62.50
6870,1882,40,1842,62.50
7069,1882,41,1841,62.50
7138,1882,28,1854,62.50
7542,1882,28,1854,62.50
7545,1882,36,1846,62.50
7657,1882,23,1859,62.50
7962,1882,47,1835,62.50
8052,1882,21,1861,62.50
8146,1882,22,1860,62.50
8154,1882,47,1835,62.50
8213,1882,39,1843,62.50
8249,1882,48,1834,62.50
8333,1882,43,1839,62.50
8350,1882,49,1833,62.50
8509,1882,46,1836,62.50
8789,1889,22,1867,62.50
8825,1889,25,1864,62.50
9108,1889,67,1822,62.50
9164,1889,24,1865,62.50
9203,1889,37,1852,62.50
9227,1889,23,1866,62.50
9437,1889,42,1847,62.50
9465,1889,17,1872,62.50
9504,1889,49,1840,62.50
9513,1889,20,1869,62.50
9760,1889,21,1868,62.50
9796,1889,37,1852,62.50
9966,1889,66,1823,62.50
10099,1889,34,1855,62.50
10132,1889,19,1870,62.50
10250,1889,40,1849,62.50
10355,1889,40,1849,62.50
10571,1889,61,1828,62.50
10919,1889,37,1852,62.50
10953,1889,35,1854,62.50
11056,1889,28,1861,62.50
11136,1889,56,1833,62.50
11225,1889,31,1858,62.50
11258,1889,59,1830,62.50
11430,1889,29,1860,62.50
11487,1889,43,1846,62.50
11555,1889,60,1829,62.50
11777,1889,54,1835,62.50
12000,1889,17,1872,62.50
12083,1889,61,1828,62.50
12121,1889,61,1828,62.50
12302,1889,35,1854,62.50
12346,1889,42,1847,62.50
12353,1889,27,1862,62.50
12461,1889,39,1850,62.50
12739,1890,36,1854,62.50
12917,1890,22,1868,62.50
13160,1890,40,1850,62.50
13372,1890,47,1843,62.50
13462,1890,33,1857,62.50
13553,1890,51,1839,62.50
13811,1890,30,1860,62.50
13942,1890,41,1849,62.50
14022,1890,23,1867,62.50
14286,1890,36,1854,62.50
14306,1890,36,1854,62.50
14538,1890,24,1866,62.50
15218,1890,39,1851,62.50
15231,1890,30,1860,62.50
15424,1890,42,1848,62.50
15479,1890,27,1863,62.50
15521,1890,29,1861,62.50
15761,1890,59,1831,62.50
16117,1890,27,1863,62.50
16176,1890,31,1859,62.50
16383,1890,19,1871,62.50
16432,1890,49,1841,62.50
16554,1890,20,1870,62.50
16590,1890,19,1871,62.50
16704,1891,25,1866,62.50
16997,1891,27,1864,62.50
17030,1891,27,1864,62.50
17182,1891,19,1872,62.50
17194,1891,29,1862,62.50
17715,1891,53,1838,62.50
17928,1891,21,1870,62.50
18198,1891,35,1856,62.50
18199,1891,35,1856,62.50
18412,1891,43,1848,62.50
18571,1891,39,1852,62.50
18580,1891,22,1869,62.50
18596,1891,27,1864,62.50
18681,1891,37,1854,62.50
19043,1891,20,1871,62.50
19235,1891,51,1840 ,62.50
19362,1891,41,1850,62.50
19633,1892,54,1838,62.50
19822,1892,26,1866,62.50
20214,1892,23,1869,62.50
20532,1892,24,1868,62.50
20598,1892,35,1857,62.50
20817,1892,52,1840,62.50
20837,1892,21,1871,62.50
21261,1892,73,1819,62.50
21380,1892,43,1849,62.50
21669,1892,34,1858,62.50
21760,1892,46,1846,62.50
22004,1892,17,1875,62.50
22328,1892,58,1834,62.50
22589,1892,29,1863,62.50
22679,1892,37,1855,62.50
22796,1892,64,1828,62.50
22993,1892,64,1828,62.50
23122,1892,38,1854,62.50
23625,1893,48,1845,62.50
23752,1893,28,1865,62.50
23827,1893,19,1874,62.50
24135,1893,21,1872,62.50
24575,1893,21,1872,62.50
24764,1893,61,1832,62.50
24945,1893,26,1867,62.50
24952,1893,29,1864,62.50
25130,1893,49,1844,62.50
25327,1893,44,1849,62.50
25515,1893,57,1836,62.50
25554,1893,44,1849,62.50
25607,1893,31,1862,62.50
25705,1893,23,1870,62.50
25721,1893,32,1861,62.50
26588,1893,53,1840,62.50
26646,1893,37,1856,62.50
26701,1893,53,1840,62.50
27310,1894,20,1874,62.50
27454,1894,26,1868,62.50
27755,1894,59,1835,62.50
28084,1894,48,1846,62.50
28191,1894,30,1864,62.50
28471,1894,39,1855,62.50
28652,1894,33,1861,62.50
28761,1894,51,1843,62.50
28827,1894,47,1847,62.50
28894,1894,22,1872,62.50
28918,1894,24,1870,62.50
29161,1894,35,1859,62.50
29224,1894,21,1873,62.50
30086,1894,38,1856,62.50
30139,1894,22,1872,62.50
30219,1894,31,1863,62.50
30372,1894,34,1860,62.50
30475,1894,54,1840,62.50
30782,1894,69,1825,62.50
31586,1895,20,1875,62.50
32006,1895,27,1868,62.50
32033,1895,33,1862,62.50
32100,1895,35,1860,62.50
32699,1895,32,1863,62.50
32815,1895,31,1864,62.50
32831,1895,43,1852,62.50
32845,1895,48,1847,62.50
33388,1895,30,1865,62.50
33465,1895,17,1878,62.50
33520,1895,23,1872,62.50
33526,1895,43,1852,62.50
33620,1895,26,1869,62.50
33691,1895,54,1841,62.50
33722,1895,18,1877,62.50
33861,1895,40,1855,62.50
34091,1895,28,1867,62.50
34105,1895,21,1874,62.50
34399,1895,30,1865,62.50
34922,1896,29,1867,62.50
35066,1896,60,1836,62.50
35206,1896,41,1855,62.50
35351,1896,32,1864,62.50
35357,1896,50,1846,62.50
35433,1896,27,1869,62.50
35434,1896,34,1862,62.50
35630,1896,38,1858,62.50
35866,1896,21,1875,62.50
36088,1896,39,1857,62.50
36249,1896,22,1874,62.50
36278,1896,28,1868,62.50
36402,1896,32,1864,62.50
36786,1896,85,1811,62.50
36902,1896,56,1840,62.50
37094,1896,39,1857,62.50
37457,1896,24,1872,62.50
37517,1896,45,1851,62.50
37586,1896,42,1854,62.50
38225,1896,23,1873,62.50
38355,1896,49,1847,62.50
38376,1896,30,1866,62.50
38429,1896,51,1845,62.50
38977,1897,8,1889,62.50
39054,1897,66,1831,62.50
39260,1897,30,1867,62.50
39329,1897,48,1849,62.50
39334,1897,42,1855,62.50
39452,1897,32,1865,62.50
39592,1897,32,1865,62.50
39970,1897,26,1871,62.50
40034,1897,49,1848,62.50
40035,1897,26,1871,62.50
40100,1897,34,1863,62.50
40104,1897,57,1840,62.50
40208,1897,19,1878,62.50
40267,1897,43,1854,62.50
40270,1897,19,1878,62.50
40541,1897,70,1827,62.50
40743,1897,25,1872,62.50
40964,1897,21,1876,62.50
41127,1897,32,1865,62.50
41233,1897,28,1869,62.50
41344,1897,30,1867,62.50
41478,1897,33,1864,62.50
41483,1897,39,1858,62.50
42241,1897,38,1859,62.50
43023,1898,57,1841,62.50
43240,1898,20,1878,62.50
43712,1898,44,1854,62.50
43925,1898,29,1869,62.50
44497,1898,40,1858,62.50
44570,1898,32,1866,62.50
44719,1898,43,1855,62.50
45208,1898,33,1865,62.50
45314,1898,31,1867,62.50
45499,1898,35,1863,62.50
45502,1898,23,1875,62.50
45504,1898,41,1857,62.50
45505,1898,25,1873,62.50
46423,1899,20,1879,62.50
46930,1899,29,1870,62.50
46984,1899,18,1881,62.50
47384,1899,65,1834,62.50
47742,1899,29,1870,62.50
47874,1899,41,1858,62.50
47876,1899,52,1847,62.50
47878,1899,26,1873,62.50
48148,1899,20,1879,62.50
48589,1899,22,1877,62.50
48653,1899,45,1854,62.50
49101,1899,48,1851,62.50
49402,1899,20,1879,62.50
49688,1899,22,1877,62.50
49740,1899,24,1875,62.50
49881,1899,26,1873,62.50
50612,1900,41,1859,62.50
51075,1900,29,1871,62.50
51447,1900,38,1862,62.50
51661,1900,37,1863,62.50
52353,1900,46,1854,62.50
52622,1900,29,1871,62.50
52723,1900,20,1880,62.50
52773,1900,31,1869,62.50
53361,1900,55,1845,62.50
53533,1901,29,1872,62.50
54163,1901,23,1878,62.50
54907,1901,23,1878,62.50
54912,1901,23,1878,62.50
55014,1901,28,1873,62.50
55019,1901,25,1876,62.50
55908,1901,24,1877,62.50
56517,1901,47,1854,62.50
56715,1901,40,1861,62.50
57283,1902,62,1840,62.50
57566,1902,27,1875,62.50
57832,1902,29,1873,62.50
58135,1902,24,1878,62.50
58259,1902,39,1863,62.50
58321,1902,72,1830,62.50
58345,1902,29,1873,62.50
58618,1902,39,1863,62.50
59468,1902,32,1870,62.50
59469,1902,51,1851,62.50
59640,1902,34,1868,62.50
60084,1902,42,1860,62.50
60562,1903,34,1869,62.50
60574,1903,39,1864,62.50
60639,1903,33,1870,62.50
61859,1903,30,1873,62.50
61931,1903,62,1841,62.50
61932,1903,23,1880,62.50
62173,1903,25,1878,62.50
62240,1903,49,1854,62.50
62242,1903,35,1868,62.50
62460,1903,39,1864,62.50
62549,1903,49,1854,62.50
62622,1903,30,1873,62.50
62692,1903,44,1859,62.50
63545,1903,32,1871,62.50
63857,1903,38,1865,62.50
63901,1903,43,1860,62.50
63975,1903,39,1864,62.50
64243,1903,30,1873,62.50
64246,1903,69,1834,62.50
64615,1904,42,1862,62.50
64739,1904,44,1860,62.50
64838,1904,22,1882,62.50
64940,1904,37,1867,62.50
65576,1904,21,1883,62.50
65705,1904,40,1864,62.50
65706,1904,44,1860,62.50
66345,1904,52,1852,62.50
66546,1904,42,1862,62.50
66594,1904,23,1881,62.50
66688,1904,27,1877,62.50
66700,1904,30,1874,62.50
66904,1904,23,1881,62.50
67778,1904,30,1874,62.50
68251,1904,44,1860,62.50
68476,1904,43,1861,62.50
68478,1904,36,1868,62.50
69018,1905,40,1865,62.50
69777,1905,30,1875,62.50
70134,1905,40,1865,62.50
70733,1905,65,1840,62.50
71015,1905,37,1868,62.50
71102,1905,24,1881,62.50
71586,1905,29,1876,62.50
71916,1905,36,1869,62.50
72916,1905,40,1865,62.50
74445,1906,20,1886,62.50
74446,1906,24,1882,62.50
74682,1906,29,1877,62.50
74986,1906,24,1882,62.50
75024,1906,30,1876,62.50
75648,1906,32,1874,62.50
75764,1906,82,1824,62.50
75936,1906,38,1868,62.50
76407,1906,61,1845,62.50
76675,1906,25,1881,62.50
77073,1906,40,1866,62.50
77854,1907,83,1824,62.50
78992,1907,34,1873,62.50
79261,1907,36,1871,62.50
79334,1907,67,1840,62.50
80058,1907,41,1866,62.50
80343,1907,39,1868,62.50
80452,1907,31,1876,62.50
81287,1907,19,1888,62.50
81327,1907,29,1878,62.50
82013,1907,35,1872,62.50
82181,1907,24,1883,62.50
82190,1908,38,1870,62.50
82470,1908,24,1884,62.50
82934,1908,83,1825,62.50
83215,1908,54,1854,62.50
83332,1908,22,1886,62.50
83419,1908,30,1878,62.50
83551,1908,63,1845,62.50
84208,1908,20,1888,62.50
85085,1908,56,1852,62.50
85113,1908,29,1879,62.50
85197,1908,25,1883,62.50
85238,1908,21,1887,62.50
85470,1908,25,1883,62.50
85671,1908,38,1870,62.50
86202,1908,31,1877,62.50
86266,1908,57,1851,62.50
86903,1908,38,1870,62.50
87441,1909,28,1881,62.50
87557,1909,21,1888,62.50
87558,1909,33,1876,62.50
87831,1909,41,1868,62.50
88821,1909,35,1874,62.50
88915,1909,85,1824,62.50
88916,1909,46,1863,62.50
89393,1909,46,1863,62.50
89425,1909,53,1856,62.50
90098,1909,33,1876,62.50
90171,1909,25,1884,62.50
90503,1909,43,1866,62.50
91100,1909,20,1889,62.50
91153,1909,42,1867,62.50
91181,1909,41,1868,62.50
91923,1909,57,1852,62.50
92336,1909,59,1850,62.50
92425,1910,31,1879,62.50
92477,1910,32,1878,62.50
92677,1910,38,1872,62.50
93812,1910,57,1853,62.50
93947,1910,29,1881,62.50
95045,1910,29,1881,62.50
95612,1910,32,1878,62.50
95651,1910,28,1882,62.50
95832,1910,40,1870,62.50
96048,1910,58,1852,62.50
96344,1910,57,1853,62.50
96523,1910,42,1868,62.50
96852,1910,34,1876,62.50
96940,1910,36,1874,62.50
97002,1910,26,1884,62.50
98355,1911,23,1888,62.50
98688,1911,51,1860,62.50
99568,1911,25,1886,62.50
99832,1911,60,1851,62.50
100628,1911,26,1885,62.50
101313,1911,25,1886,62.50
101744,1911,23,1888,62.50
102369,1911,37,1874,62.50
103735,1912,41,1871,62.50
103801,1912,29,1883,62.50
104025,1912,61,1851,62.50
104516,1912,44,1868,62.50
104906,1912,36,1876,62.50
105454,1912,56,1856,62.50
105758,1912,56,1856,62.50
106813,1912,32,1880,62.50
107482,1912,65,1847,62.50
107816,1912,30,1882,62.50
107889,1912,26,1886,62.50
107973,1913,43,1870,62.50
108470,1913,62,1851,62.50
108473,1913,54,1859,62.50
111107,1913,66,1847,62.50
111544,1913,25,1888,62.50
111545,1913,17,1896,62.50
111911,1913,40,1873,62.50
112066,1913,39,1874,62.50
113211,1914,51,1863,62.50
113352,1914,71,1843,62.50
113353,1914,32,1882,62.50
113653,1914,32,1882,62.50
113913,1914,38,1876,62.50
114186,1914,23,1891,62.50
115265,1914,28,1886,62.50
115638,1914,18,1896,62.50
116821,1915,27,1888,62.50
116882,1915,68,1847,62.50
117448,1915,31,1884,62.50
118090,1915,30,1885,62.50
118153,1915,63,1852,62.50
118316,1915,47,1868,62.50
118932,1915,42,1873,62.50
119189,1915,28,1887,62.50
119391,1915,36,1879,62.50
119568,1915,24,1891,62.50
119616,1915,42,1873,62.50
120080,1916,39,1877,62.50
120398,1916,44,1872,62.50
120956,1916,42,1874,62.50
120974,1916,52,1864,62.50
121412,1914,49,1865,62.50
122459,1917,38,1879,62.50
123045,1917,35,1882,62.50
124002,1918,39,1879,62.50
124015,1918,37,1881,62.50
124593,1919,33,1886,62.50
124667,1919,38,1881,62.50
124985,1919,42,1877,62.50
125596,1920,38,1882,62.50
125787,1920,45,1875,62.50
125908,1920,46,1874,62.50
125987,1920,24,1896,62.50
126411,1920,23,1897,62.50
126779,1920,49,1871,62.50
127085,1921,37,1884,62.50
127289,1921,29,1892,62.50
127576,1921,48,1873,62.50
127793,1921,31,1890,62.50
127890,1921,43,1878,62.50
128679,1921,36,1885,62.50
129500,1922,30,1892,62.50
129639,1922,23,1899,62.50
130071,1922,43,1879,62.50
130275,1922,50,1872,62.50
130447,1922,29,1893,62.50
131992,1923,40,1883,62.50
132215,1923,39,1884,62.50
132673,1924,42,1882,62.50
132970,1924,41,1883,62.50
133001,1924,31,1893,62.50
133288,1924,32,1892,62.50
133304,1924,45,1879,62.50
133412,1924,48,1876,62.50
133438,1924,39,1885,62.50
133798,1924,34,1890,62.50
134400,1925,26,1899,62.50
134576,1925,40,1885,62.50
134694,1925,26,1899,62.50
134722,1925,45,1880,62.50
135582,1925,35,1890,62.50
135752,1925,37,1888,62.50
726,1881,24,1857,62.75
2208,1881,67,1814,62.75
2799,1881,22,1859,62.75
2864,1881,39,1842,62.75
3129,1881,27,1854,62.75
5847,1882,32,1850,62.75
5863,1882,29,1853,62.75
6167,1882,56,1826,62.75
7217,1882,24,1858,62.75
7290,1882,18,1864,62.75
7784,1882,28,1854,62.75
10319,1889,27,1862,62.75
11374,1889,24,1865,62.75
11620,1889,41,1848,62.75
12182,1889,37,1852,62.75
13489,1890,55,1835,62.75
14058,1890,42,1848,62.75
14175,1890,44,1846,62.75
15026,1890,49,1841,62.75
15216,1890,60,1830,62.75
15473,1890,25,1865,62.75
15627,1890,67,1823,62.75
15880,1890,50,1840,62.75
16133,1890,38,1852,62.75
16921,1891,26,1865,62.75
17265,1891,26,1865,62.75
17500,1891,39,1852,62.75
17777,1891,34,1857,62.75
18081,1891,54,1837,62.75
18496,1891,51,1840,62.75
19138,1891,31,1860,62.75
19975,1892,22,1870,62.75
20719,1892,32,1860,62.75
21093,1922,71,1851,62.75
22356,1892,30,1862,62.75
23188,1892,31,1861,62.75
23993,1893,54,1839,62.75
25998,1893,51,1842,62.75
27769,1894,26,1868,62.75
28450,1894,20,1874,62.75
29530,1894,31,1863,62.75
30481,1894,44,1850,62.75
32387,1895,30,1865,62.75
33131,1895,19,1876,62.75
35136,1898,42,1856,62.75
37158,1896,31,1865,62.75
37681,1896,36,1860,62.75
38207,1896,31,1865,62.75
39703,1897,43,1854,62.75
39972,1897,28,1869,62.75
40103,1897,52,1845,62.75
41764,1897,56,1841,62.75
41896,1897,59,1838,62.75
42960,1898,21,1877,62.75
44297,1898,40,1858,62.75
44642,1898,49,1849,62.75
44717,1898,16,1882,62.75
45020,1898,41,1857,62.75
46314,1899,70,1829,62.75
46703,1899,37,1862,62.75
47620,1899,34,1865,62.75
51593,1900,21,1879,62.75
52500,1900,30,1870,62.75
53054,1900,21,1879,62.75
54673,1901,30,1871,62.75
54735,1901,20,1881,62.75
54913,1901,27,1874,62.75
55330,1901,37,1864,62.75
55522,1901,26,1875,62.75
57202,1902,44,1858,62.75
57687,1902,24,1878,62.75
59939,1902,31,1871,62.75
60783,1903,31,1872,62.75
61860,1903,29,1874,62.75
61933,1903,49,1854,62.75
62241,1903,24,1879,62.75
62926,1903,37,1866,62.75
66082,1904,24,1880,62.75
67776,1904,56,1848,62.75
68475,1904,36,1868,62.75
73904,1906,32,1874,62.75
76495,1906,27,1879,62.75
77263,1906,40,1866,62.75
77905,1907,20,1887,62.75
79053,1907,17,1890,62.75
81285,1907,37,1870,62.75
82515,1908,32,1876,62.75
83326,1908,41,1867,62.75
87296,1909,62,1847,62.75
87412,1909,59,1850,62.75
89021,1909,29,1880,62.75
89229,1909,58,1851,62.75
93061,1910,40,1870,62.75
97559,1910,33,1877,62.75
99862,1911,30,1881,62.75
102210,1911,63,1848,62.75
103029,1911,51,1860,62.75
104058,1912,24,1888,62.75
109344,1913,31,1882,62.75
109868,1913,22,1891,62.75
110229,1913,26,1887,62.75
112264,1913,33,1880,62.75
113054,1914,61,1853,62.75
115832,1914,38,1876,62.75
116600,1914,23,1891,62.75
120854,1916,37,1879,62.75
122864,1917,28,1889,62.75
123221,1918,46,1872,62.75
133912,1924,38,1886,62.75
102,1881,27,1854,63.00
144,1881,77,1804,63.00
274,1881,34,1847,63.00
350,1881,41,1840,63.00
385,1881,39,1842,63.00
407,1881,54,1827,63.00
663,1881,59,1822,63.00
766,1881,42,1839,63.00
807,1881,39,1842,63.00
856,1881,28,1853,63.00
1061,1881,51,1830,63.00
1142,1881,48,1833,63.00
1197,1881,35,1846,63.00
1279,1881,62,1819,63.00
1319,1881,36,1845,63.00
1420,1881,36,1845,63.00
1430,1881,51,1830,63.00
1440,1881,30,1851,63.00
1591,1881,17,1864,63.00
1650,1881,33,1848,63.00
1666,1881,47,1834,63.00
1709,1881,19,1862,63.00
1782,1881,18,1863,63.00
1806,1881,39,1842,63.00
1917,1881,41,1840,63.00
1920,1881,26,1855,63.00
1935,1881,45,1836,63.00
1966,1881,52,1829,63.00
2030,1881,18,1863,63.00
2085,1881,27,1854,63.00
2094,1881,54,1827,63.00
2157,1881,50,1831,63.00
2287,1881,37,1844,63.00
2328,1881,35,1846,63.00
2396,1881,70,1811,63.00
2412,1881,35,1846 ,63.00
2543,1881,41,1840,63.00
2569,1881,64,1817,63.00
2714,1881,50,1831,63.00
2769,1881,21,1860,63.00
2825,1881,30,1851,63.00
2898,1881,49,1832,63.00
2955,1881,46,1835,63.00
3013,1881,27,1854,63.00
3018,1881,26,1855,63.00
3116,1881,33,1848,63.00
3248,1881,37,1844,63.00
3473,1881,49,1832,63.00
3501,1881,45,1836,63.00
3579,1881,33,1848,63.00
3699,1881,16,1865,63.00
3963,1881,33,1848,63.00
4030,1881,44,1837,63.00
4059,1881,42,1839,63.00
4146,1881,41,1840,63.00
4317,1882,78,1804,63.00
4357,1882,46,1836,63.00
4380,1882,29,1853,63.00
4429,1882,20,1862,63.00
4482,1882,27,1855,63.00
4506,1882,44,1838,63.00
4510,1882,42,1840,63.00
4560,1882,52,1830,63.00
4576,1882,63,1819,63.00
4684,1882,27,1855,63.00
4741,1882,36,1846,63.00
4810,1882,41,1841,63.00
4854,1882,41,1841,63.00
4862,1882,27,1855,63.00
4966,1882,40,1842,63.00
5020,1882,38,1844,63.00
5162,1882,45,1837,63.00
5183,1882,30,1852,63.00
5315,1882,39,1843,63.00
5437,1882,30,1852,63.00
5501,1882,47,1835,63.00
5539,1882,40,1842,63.00
5621,1882,32,1850,63.00
5690,1882,31,1851,63.00
5831,1882,39,1843,63.00
5886,1882,40,1842,63.00
6080,1882,16,1866,63.00
6085,1882,30,1852,63.00
6107,1882,47,1835,63.00
6127,1882,24,1858,63.00
6251,1882,34,1848,63.00
6307,1882,41,1841,63.00
6310,1882,48,1834,63.00
6318,1882,33,1849,63.00
6372,1882,37,1845,63.00
6391,1882,28,1854,63.00
6392,1882,32,1850,63.00
6419,1882,45,1837,63.00
6710,1882,25,1857,63.00
6785,1882,39,1843,63.00
6797,1882,21,1861,63.00
6841,1882,52,1830,63.00
6882,1882,34,1848,63.00
7018,1882,22,1860,63.00
7028,1882,26,1856,63.00
7038,1882,22,1860,63.00
7161,1882,44,1838,63.00
7221,1882,26,1856,63.00
7295,1882,28,1854,63.00
7377,1882,37,1845,63.00
7395,1882,29,1853,63.00
7671,1882,35,1847,63.00
7806,1882,37,1845,63.00
7877,1882,46,1836,63.00
8112,1882,39,1843,63.00
8240,1882,29,1853,63.00
8296,1882,29,1853,63.00
8334,1882,30,1852,63.00
8533,1889,60,1829,63.00
8545,1889,38,1851,63.00
8621,1889,42,1847,63.00
8868,1889,27,1862,63.00
8906,1889,51,1838,63.00
9094,1889,51,1838,63.00
9250,1889,49,1840,63.00
9459,1889,21,1868,63.00
9588,1889,32,1857,63.00
9893,1889,24,1865,63.00
9983,1889,25,1864,63.00
9992,1889,23,1866,63.00
10057,1889,38,1851,63.00
10128,1889,38,1851,63.00
10249,1889,23,1866,63.00
10305,1889,36,1853,63.00
10368,1889,52,1837,63.00
10649,1889,31,1858,63.00
10763,1889,34,1855,63.00
10816,1889,48,1841,63.00
10912,1889,85,1804,63.00
11102,1889,34,1855,63.00
11127,1889,23,1866,63.00
11153,1889,34,1855,63.00
11277,1889,24,1865,63.00
11344,1889,56,1833,63.00
11376,1889,21,1868,63.00
11433,1889,41,1848,63.00
11480,1889,20,1869,63.00
11488,1889,72,1817,63.00
11507,1889,26,1863,63.00
11529,1889,62,1827,63.00
11567,1889,43,1846,63.00
11583,1889,37,1852,63.00
11711,1889,27,1862,63.00
11718,1889,49,1840,63.00
11800,1889,68,1821,63.00
11987,1889,29,1860,63.00
12286,1889,45,1844,63.00
12305,1889,44,1845,63.00
12563,1890,37,1853,63.00
12614,1890,30,1860,63.00
12709,1890,24,1866,63.00
12736,1890,32,1858,63.00
13137,1890,59,1831,63.00
13256,1890,75,1815,63.00
13329,1890,36,1854,63.00
13398,1890,52,1838,63.00
13413,1890,31,1859,63.00
13463,1890,53,1837,63.00
13471,1890,41,1849,63.00
13520,1890,24,1866,63.00
13591,1890,49,1841,63.00
13619,1890,20,1870,63.00
13733,1890,21,1869,63.00
13758,1890,27,1863,63.00
14292,1890,20,1870,63.00
14312,1890,20,1870,63.00
14323,1890,32,1858,63.00
14349,1890,50,1840,63.00
14465,1890,49,1841,63.00
14477,1890,56,1834,63.00
14589,1890,45,1845,63.00
15242,1890,35,1855,63.00
15791,1890,29,1861,63.00
15824,1890,31,1859,63.00
15885,1890,38,1852,63.00
15895,1890,44,1846,63.00
15985,1890,19,1871,63.00
16076,1890,26,1864,63.00
16150,1890,39,1851,63.00
16617,1890,37,1853,63.00
16886,1891,28,1863 ,63.00
16923,1891,46,1845,63.00
17379,1891,31,1860,63.00
17440,1891,60,1831,63.00
17452,1891,26,1865,63.00
17519,1891,17,1874,63.00
17738,1891,47,1844,63.00
18039,1891,30,1861,63.00
18054,1891,38,1853,63.00
18322,1891,68,1823,63.00
18381,1891,47,1844,63.00
18543,1891,38,1853,63.00
18582,1891,55,1836,63.00
18709,1891,59,1832,63.00
18827,1891,69,1822,63.00
19065,1891,40,1851,63.00
19237,1891,47,1844,63.00
19395,1891,41,1850,63.00
19507,1892,29,1863,63.00
20108,1892,69,1823,63.00
20188,1892,33,1859,63.00
20220,1892,49,1843,63.00
20247,1892,54,1838,63.00
20440,1892,21,1871,63.00
20925,1892,40,1852,63.00
21630,1892,40,1852,63.00
21741,1892,52,1840,63.00
21953,1892,39,1853,63.00
22067,1892,51,1841,63.00
22095,1892,28,1864,63.00
22300,1892,50,1842,63.00
22437,1892,31,1861,63.00
22662,1892,20,1872,63.00
23000,1892,38,1854,63.00
23310,1893,24,1869,63.00
23700,1893,42,1851,63.00
23710,1893,35,1858,63.00
23714,1893,26,1867,63.00
23865,1893,29,1864,63.00
23973,1893,50,1843,63.00
24075,1893,48,1845,63.00
24083,1893,49,1844,63.00
24133,1893,23,1870,63.00
24459,1893,27,1866,63.00
24655,1893,46,1847,63.00
24923,1893,25,1868,63.00
24987,1893,29,1864,63.00
25104,1893,49,1844,63.00
25195,1893,26,1867,63.00
25218,1893,29,1864,63.00
25519,1893,47,1846,63.00
25701,1893,36,1857,63.00
25814,1893,54,1839,63.00
25839,1893,56,1837,63.00
25921,1893,30,1863,63.00
25992,1893,45,1848,63.00
26374,1893,27,1866,63.00
26422,1893,37,1856,63.00
26511,1893,41,1852,63.00
26563,1893,38,1855,63.00
27404,1894,27,1867,63.00
27906,1894,42,1852,63.00
28090,1894,39,1855,63.00
28129,1894,52,1842,63.00
28183,1894,21,1873,63.00
28373,1894,41,1853,63.00
28943,1894,25,1869,63.00
28996,1894,19,1875,63.00
29263,1894,47,1847,63.00
29779,1894,32,1862,63.00
29913,1894,62,1832,63.00
30170,1894,21,1873,63.00
30340,1894,60,1834,63.00
30512,1894,42,1852,63.00
30603,1894,40,1854,63.00
30700,1894,26,1868,63.00
31077,1895,58,1837,63.00
31162,1895,31,1864,63.00
31265,1895,52,1843,63.00
31301,1895,35,1860,63.00
31865,1895,25,1870,63.00
31905,1895,46,1849,63.00
33023,1895,31,1864,63.00
33184,1895,49,1846,63.00
33284,1895,50,1845,63.00
33363,1895,53,1842  ,63.00
33365,1895,26,1869,63.00
33401,1895,28,1867,63.00
33451,1895,63,1832,63.00
33557,1895,50,1845,63.00
33599,1895,16,1879,63.00
33609,1895,55,1840,63.00
33823,1895,25,1870,63.00
33998,1895,46,1849,63.00
34180,1895,46,1849,63.00
34335,1895,55,1840,63.00
34473,1895,30,1865,63.00
34480,1895,28,1867,63.00
34542,1895,61,1834,63.00
34643,1895,36,1859,63.00
34693,1895,26,1869,63.00
34752,1896,56,1840,63.00
34921,1896,30,1866,63.00
35132,1896,21,1875,63.00
35138,1896,26,1870,63.00
35141,1896,29,1867,63.00
35271,1896,46,1850,63.00
35737,1896,38,1858,63.00
36115,1896,25,1871,63.00
36399,1896,29,1867,63.00
36515,1896,38,1858,63.00
36516,1896,46,1850,63.00
36656,1896,24,1872,63.00
36899,1896,43,1853,63.00
37287,1896,23,1873,63.00
38057,1896,32,1864,63.00
38211,1896,39,1857,63.00
38520,1896,38,1858,63.00
39148,1897,30,1867,63.00
39196,1897,20,1877,63.00
39222,1897,36,1861,63.00
39701,1897,28,1869,63.00
39911,1897,39,1858,63.00
40431,1897,49,1848,63.00
40458,1897,54,1843,63.00
40767,1897,30,1867,63.00
40896,1897,46,1851,63.00
40919,1897,36,1861,63.00
41045,1897,24,1873,63.00
41487,1897,31,1866,63.00
41589,1897,26,1871,63.00
41959,1897,31,1866,63.00
42026,1897,18,1879,63.00
42101,1897,64,1833,63.00
42139,1897,70,1827,63.00
42256,1897,58,1839,63.00
42300,1897,36,1861,63.00
42368,1898,53,1845,63.00
42369,1897,34,1863,63.00
42495,1898,31,1867,63.00
42829,1898,31,1867,63.00
42900,1898,67,1831,63.00
42914,1898,50,1848,63.00
43024,1898,41,1857,63.00
43206,1898,27,1871,63.00
43207,1898,36,1862,63.00
43238,1898,28,1870,63.00
43450,1898,41,1857,63.00
43715,1898,19,1879,63.00
43793,1898,50,1848,63.00
43797,1898,32,1866,63.00
44149,1898,69,1829,63.00
44290,1898,40,1858,63.00
44325,1898,60,1838,63.00
44499,1898,39,1859,63.00
44533,1898,40,1858,63.00
44715,1898,43,1855,63.00
44718,1898,39,1859,63.00
44958,1898,36,1862,63.00
45326,1898,63,1835,63.00
45390,1898,53,1845,63.00
45633,1898,26,1872,63.00
45634,1898,29,1869,63.00
45703,1898,60,1838,63.00
46005,1898,29,1869,63.00
46422,1899,22,1877,63.00
46698,1899,49,1850,63.00
46827,1899,40,1859,63.00
46846,1899,28,1871,63.00
46929,1899,26,1873,63.00
47309,1899,49,1850,63.00
47386,1899,37,1862,63.00
47475,1899,61,1838,63.00
47626,1899,47,1852,63.00
47740,1899,35,1864,63.00
47999,1899,42,1857,63.00
48591,1899,42,1857,63.00
48667,1899,27,1872,63.00
48744,1899,33,1866,63.00
48889,1899,24,1875,63.00
48959,1899,39,1860,63.00
49095,1899,26,1873,63.00
49113,1899,51,1848,63.00
49484,1899,43,1856,63.00
49619,1899,43,1856,63.00
49627,1899,37,1862,63.00
49827,1899,27,1872,63.00
50427,1900,25,1875,63.00
50549,1900,38,1862,63.00
50704,1900,52,1848,63.00
50927,1900,67,1833,63.00
50979,1900,43,1857,63.00
51005,1900,57,1843,63.00
52010,1900,31,1869,63.00
52086,1900,30,1870,63.00
52551,1900,35,1865,63.00
52772,1900,21,1879,63.00
52775,1900,28,1872,63.00
53009,1900,63,1837,63.00
53149,1900,43,1857,63.00
53362,1900,32,1868,63.00
53364,1900,51,1849,63.00
53613,1901,24,1877,63.00
54007,1901,38,1863,63.00
54065,1901,22,1879,63.00
54192,1901,30,1871,63.00
54282,1901,54,1847,63.00
54595,1901,31,1870,63.00
54691,1901,29,1872,63.00
54916,1901,26,1875,63.00
54919,1901,40,1861,63.00
55048,1901,67,1834,63.00
55084,1901,42,1859,63.00
55453,1901,34,1867,63.00
55669,1901,63,1838,63.00
56125,1901,35,1866,63.00
56674,1901,38,1863,63.00
56864,1901,57,1844,63.00
56941,1901,27,1874,63.00
57112,1902,43,1859,63.00
57537,1902,47,1855,63.00
57538,1902,45,1857,63.00
57737,1902,32,1870,63.00
58255,1902,30,1872,63.00
58385,1902,31,1871,63.00
58694,1902,31,1871,63.00
58926,1902,55,1847,63.00
59100,1902,19,1883,63.00
59794,1902,29,1873,63.00
60292,1902,39,1863,63.00
60297,1902,29,1873,63.00
60386,1902,28,1874,63.00
60501,1902,32,1870,63.00
61072,1903,48,1855,63.00
61137,1903,28,1875,63.00
61141,1903,43,1860,63.00
61256,1903,41,1862,63.00
61257,1903,35,1868,63.00
61342,1903,42,1861,63.00
61675,1903,19,1884,63.00
61676,1903,34,1869,63.00
61863,1903,62,1841,63.00
61981,1902,26,1876,63.00
62023,1903,36,1867,63.00
62051,1903,27,1876,63.00
62691,1903,57,1846,63.00
63052,1903,31,1872,63.00
63600,1903,33,1870,63.00
64054,1903,24,1879,63.00
64167,1903,21,1882,63.00
64453,1904,32,1872,63.00
64454,1904,37,1867,63.00
64674,1904,26,1878,63.00
64919,1904,40,1864,63.00
65022,1904,59,1845,63.00
65189,1904,41,1863,63.00
65238,1904,24,1880,63.00
65432,1904,33,1871,63.00
65604,1904,39,1865,63.00
65944,1904,34,1870,63.00
65946,1904,29,1875,63.00
65972,1904,40,1864,63.00
66018,1904,38,1866,63.00
66343,1904,27,1877,63.00
66847,1904,27,1877,63.00
67543,1904,49,1855,63.00
67544,1904,50,1854,63.00
67554,1904,30,1874,63.00
67779,1904,32,1872,63.00
68004,1904,53,1851,63.00
68240,1904,31,1873,63.00
68278,1904,26,1878,63.00
69701,1905,21,1884,63.00
69899,1905,36,1869,63.00
71061,1905,30,1875,63.00
71471,1905,36,1869,63.00
72221,1905,39,1866,63.00
72598,1905,34,1871,63.00
72917,1905,50,1855,63.00
73024,1906,37,1869,63.00
73060,1906,53,1853,63.00
73219,1906,27,1879,63.00
73274,1906,42,1864,63.00
73366,1906,20,1886,63.00
74145,1906,32,1874,63.00
74181,1906,67,1839,63.00
74600,1906,28,1878,63.00
74874,1906,47,1859,63.00
74941,1906,24,1882,63.00
75023,1906,36,1870,63.00
75094,1906,30,1876,63.00
75105,1906,28,1878,63.00
75217,1906,27,1879,63.00
75335,1906,33,1873,63.00
75538,1906,25,1881,63.00
75602,1906,35,1871,63.00
75765,1906,44,1862,63.00
76269,1906,42,1864,63.00
76275,1906,78,1828,63.00
76601,1906,40,1866,63.00
76790,1906,20,1886,63.00
76856,1906,30,1876,63.00
77051,1906,29,1877,63.00
77266,1906,46,1860,63.00
77379,1906,42,1864,63.00
77541,1907,37,1870,63.00
77619,1907,32,1875,63.00
78081,1907,52,1855,63.00
78108,1907,51,1856,63.00
78218,1907,47,1860,63.00
78783,1907,30,1877,63.00
79824,1907,27,1880,63.00
79990,1907,36,1871,63.00
80068,1907,34,1873,63.00
80342,1907,40,1867,63.00
80658,1907,36,1871,63.00
80797,1907,60,1847,63.00
81001,1907,25,1882,63.00
81935,1907,22,1885,63.00
81936,1907,30,1877,63.00
82014,1907,35,1872,63.00
82179,1907,32,1875,63.00
82182,1907,25,1882,63.00
82353,1908,18,1890,63.00
83666,1908,51,1857,63.00
84135,1908,34,1874,63.00
84206,1908,42,1866,63.00
85423,1908,37,1871,63.00
85536,1908,30,1878,63.00
85629,1908,48,1860,63.00
87174,1909,34,1875,63.00
87554,1909,21,1888,63.00
87922,1909,38,1871,63.00
88020,1909,22,1887,63.00
88511,1909,38,1871,63.00
89227,1909,17,1892,63.00
89516,1909,42,1867,63.00
89768,1909,43,1866,63.00
90097,1909,42,1867,63.00
90241,1909,30,1879,63.00
90321,1909,54,1855,63.00
90796,1909,50,1859,63.00
91936,1909,73,1836,63.00
92022,1909,17,1892,63.00
92142,1909,42,1867,63.00
92143,1909,40,1869,63.00
92319,1909,30,1879,63.00
92679,1910,22,1888,63.00
92682,1910,38,1872,63.00
94027,1910,25,1885,63.00
94502,1910,32,1878,63.00
94769,1910,58,1852,63.00
95042,1910,38,1872,63.00
95267,1910,40,1870,63.00
95306,1910,52,1858,63.00
95336,1910,44,1866,63.00
95833,1910,48,1862,63.00
95921,1910,24,1886,63.00
96201,1910,36,1874,63.00
96540,1910,83,1827,63.00
96601,1910,50,1860,63.00
96602,1910,19,1891,63.00
96813,1910,42,1868,63.00
96967,1910,22,1888,63.00
97038,1910,27,1883,63.00
97128,1910,58,1852,63.00
97578,1910,39,1871,63.00
98034,1911,30,1881,63.00
98077,1911,33,1878,63.00
98306,1911,43,1868,63.00
98780,1911,31,1880,63.00
98817,1911,30,1881,63.00
98949,1911,40,1871,63.00
98991,1911,47,1864,63.00
99085,1911,30,1881,63.00
99149,1911,41,1870,63.00
99834,1911,35,1876,63.00
99984,1911,23,1888,63.00
100828,1911,26,1885,63.00
101077,1911,41,1870,63.00
101420,1911,45,1866,63.00
101589,1911,45,1866,63.00
102211,1911,38,1873,63.00
102678,1911,25,1886,63.00
102937,1911,25,1886,63.00
103235,1912,42,1870,63.00
103737,1912,26,1886,63.00
103863,1912,49,1863,63.00
103978,1912,39,1873,63.00
104024,1912,24,1888,63.00
104137,1912,23,1889,63.00
104444,1912,46,1866,63.00
105073,1912,42,1870,63.00
105537,1912,43,1869,63.00
105620,1912,58,1854,63.00
105939,1912,32,1880,63.00
106865,1912,33,1879,63.00
107219,1912,28,1884,63.00
107222,1912,50,1862,63.00
107269,1912,39,1873,63.00
107554,1912,22,1890,63.00
108229,1913,34,1879,63.00
108263,1913,25,1888,63.00
108511,1913,23,1890,63.00
108665,1913,23,1890,63.00
108686,1913,30,1883,63.00
109228,1913,25,1888,63.00
109731,1913,31,1882,63.00
110105,1913,35,1878,63.00
110228,1913,58,1855,63.00
110287,1913,45,1868,63.00
110410,1913,35,1878,63.00
110715,1913,52,1861,63.00
111197,1913,59,1854,63.00
111454,1913,28,1885,63.00
111639,1913,33,1880,63.00
111829,1913,28,1885,63.00
111942,1913,51,1862,63.00
112021,1913,25,1888,63.00
113001,1914,35,1879,63.00
113055,1914,41,1873,63.00
113214,1914,50,1864,63.00
113467,1914,32,1882,63.00
114059,1914,59,1855,63.00
114396,1914,25,1889,63.00
114464,1914,42,1872,63.00
114535,1914,42,1872,63.00
114570,1914,33,1881,63.00
114821,1914,33,1881,63.00
114986,1914,61,1853,63.00
115231,1914,29,1885,63.00
115233,1914,56,1858,63.00
115310,1914,54,1860,63.00
115454,1914,45,1869,63.00
115882,1914,47,1867,63.00
116548,1914,33,1881,63.00
116549,1914,37,1877,63.00
116853,1915,39,1876,63.00
116958,1915,49,1866,63.00
117181,1915,35,1880,63.00
117306,1915,60,1855,63.00
117414,1915,55,1860,63.00
117539,1915,29,1886,63.00
117856,1915,29,1886,63.00
117891,1915,44,1871,63.00
117953,1915,36,1879,63.00
118112,1915,35,1880,63.00
118317,1915,45,1870,63.00
118500,1915,38,1877,63.00
118572,1915,32,1883,63.00
118809,1915,69,1846,63.00
118973,1915,39,1876,63.00
119058,1915,17,1898,63.00
119125,1915,24,1891,63.00
119302,1915,67,1848,63.00
119919,1916,41,1875,63.00
120976,1916,37,1879,63.00
121030,1916,76,1840,63.00
121166,1916,29,1887,63.00
121431,1916,25,1891,63.00
121477,1916,29,1887,63.00
121894,1917,50,1867,63.00
122147,1917,39,1878,63.00
122668,1917,44,1873,63.00
123243,1918,31,1887,63.00
123376,1918,48,1870,63.00
123385,1918,29,1889,63.00
123442,1918,32,1886,63.00
123638,1918,37,1881,63.00
123670,1918,41,1877,63.00
124515,1919,44,1875,63.00
124793,1919,39,1880,63.00
124911,1919,31,1888,63.00
125124,1919,26,1893,63.00
125189,1919,39,1880,63.00
125376,1919,34,1885,63.00
125559,1920,44,1876,63.00
125609,1920,47,1873,63.00
125677,1920,48,1872,63.00
125890,1920,40,1880,63.00
126103,1920,45,1875,63.00
126104,1920,54,1866,63.00
126221,1920,52,1868,63.00
126274,1920,33,1887,63.00
126466,1920,23,1897,63.00
126648,1920,29,1891,63.00
126665,1920,29,1891,63.00
127220,1921,36,1885,63.00
127978,1921,38,1883,63.00
127980,1921,21,1900,63.00
128132,1921,48,1873,63.00
128167,1921,47,1874,63.00
128212,1921,25,1896,63.00
128363,1921,50,1871,63.00
128386,1921,24,1897,63.00
128387,1921,29,1892,63.00
128462,1921,43,1878,63.00
129168,1922,50,1872,63.00
129338,1922,47,1875,63.00
129411,1922,30,1892,63.00
129892,1922,50,1872,63.00
130033,1922,36,1886,63.00
130189,1922,28,1894,63.00
130881,1923,29,1894,63.00
130882,1923,54,1869,63.00
131095,1923,44,1879,63.00
131321,1923,48,1875,63.00
131621,1923,65,1858,63.00
131650,1923,18,1905,63.00
131695,1923,23,1900,63.00
131881,1923,32,1891,63.00
132556,1923,24,1899,63.00
132846,1924,27,1897,63.00
133414,1924,53,1871,63.00
133812,1924,34,1890,63.00
133892,1924,62,1862,63.00
133956,1924,57,1867,63.00
133985,1924,25,1899,63.00
134064,1924,36,1888,63.00
134221,1924,23,1901,63.00
134223,1924,26,1898,63.00
134402,1925,35,1890,63.00
134418,1925,41,1884,63.00
134538,1925,29,1896,63.00
134552,1925,27,1898,63.00
134823,1925,56,1869,63.00
135238,1925,47,1878,63.00
135346,1925,29,1896,63.00
135888,1925,42,1883,63.00
1048,1881,30,1851,63.25
1337,1881,32,1849,63.25
4732,1882,37,1845,63.25
6043,1882,20,1862,63.25
6053,1882,34,1848,63.25
6834,1882,31,1851,63.25
7220,1882,29,1853,63.25
9119,1889,62,1827,63.25
9157,1889,28,1861,63.25
12825,1890,40,1850,63.25
15104,1890,20,1870,63.25
15820,1890,23,1867,63.25
16276,1890,39,1851,63.25
16808,1891,32,1859,63.25
18062,1891,45,1846,63.25
18232,1891,47,1844,63.25
19776,1892,29,1863,63.25
22246,1892,60,1832,63.25
23032,1892,55,1837,63.25
24658,1893,41,1852,63.25
25605,1893,53,1840,63.25
25663,1893,49,1844 ,63.25
29426,1894,24,1870,63.25
31510,1895,23,1872,63.25
32434,1895,20,1875,63.25
34169,1895,28,1867 ,63.25
35574,1896,33,1863,63.25
36404,1896,36,1860,63.25
40312,1897,39,1858,63.25
41841,1897,25,1872,63.25
42030,1897,37,1860,63.25
42078,1897,28,1869,63.25
42706,1898,30,1868,63.25
43538,1898,41,1857,63.25
43719,1898,41,1857,63.25
43975,1898,70,1828,63.25
45940,1898,30,1868,63.25
46315,1899,38,1861,63.25
46758,1899,17,1882,63.25
47071,1899,25,1874,63.25
47624,1899,33,1866,63.25
48273,1899,21,1878,63.25
49020,1899,44,1855,63.25
49400,1899,55,1844,63.25
50029,1899,18,1881,63.25
51790,1900,38,1862,63.25
52141,1900,26,1874,63.25
53131,1900,29,1871,63.25
53781,1901,33,1868,63.25
53809,1901,33,1868,63.25
54114,1901,49,1852,63.25
54226,1901,26,1875,63.25
54227,1901,29,1872,63.25
54914,1901,32,1869,63.25
57123,1902,53,1849,63.25
57204,1902,31,1871,63.25
58485,1902,26,1876,63.25
60984,1903,44,1859,63.25
61653,1903,38,1865,63.25
65703,1904,42,1862,63.25
66468,1904,40,1864,63.25
67562,1904,44,1860,63.25
69441,1905,32,1873,63.25
69468,1905,35,1870,63.25
74504,1906,28,1878,63.25
76268,1906,19,1887,63.25
77581,1907,29,1878,63.25
78555,1907,61,1846,63.25
78787,1907,43,1864,63.25
80656,1907,29,1878,63.25
80799,1907,22,1885,63.25
81036,1907,37,1870,63.25
83827,1908,38,1870,63.25
84384,1908,44,1864,63.25
85350,1908,43,1865,63.25
87780,1909,41,1868,63.25
91431,1909,35,1874,63.25
95841,1910,34,1876,63.25
98484,1911,46,1865,63.25
98652,1911,45,1866,63.25
99718,1911,30,1881,63.25
100239,1911,30,1881,63.25
103368,1912,33,1879,63.25
107223,1912,42,1870,63.25
108472,1913,30,1883,63.25
114536,1914,40,1874,63.25
117017,1915,24,1891,63.25
117957,1915,24,1891,63.25
121165,1916,44,1872,63.25
121749,1917,25,1892,63.25
123721,1918,30,1888,63.25
124016,1918,38,1880,63.25
126628,1920,39,1881,63.25
127755,1921,25,1896,63.25
128904,1922,54,1868,63.25
131049,1923,50,1873,63.25
132599,1924,65,1859,63.25
132721,1924,34,1890,63.25
133302,1924,30,1894,63.25
181,1881,45,1836,63.50
226,1881,44,1837,63.50
262,1881,60,1821,63.50
833,1881,42,1839,63.50
995,1881,40,1841,63.50
1220,1881,47,1834,63.50
1345,1881,26,1855,63.50
1358,1881,31,1850,63.50
1360,1881,39,1842,63.50
1901,1881,29,1852,63.50
2000,1881,30,1851,63.50
2062,1881,24,1857,63.50
2072,1881,46,1835,63.50
2209,1881,23,1858,63.50
2240,1881,30,1851,63.50
2258,1881,38,1843,63.50
2335,1881,28,1853,63.50
2446,1881,50,1831,63.50
2458,1881,28,1853,63.50
2664,1881,30,1851,63.50
2778,1881,34,1847,63.50
2971,1881,17,1864,63.50
3001,1881,47,1834,63.50
3321,1881,30,1851,63.50
3705,1881,43,1838,63.50
3956,1881,37,1844,63.50
4051,1881,56,1825,63.50
4241,1882,36,1846,63.50
4299,1882,30,1852,63.50
4570,1882,20,1862,63.50
4701,1882,32,1850,63.50
4922,1882,58,1824,63.50
4976,1882,46,1836,63.50
5214,1882,45,1837,63.50
5375,1882,47,1835,63.50
5721,1882,44,1838,63.50
5786,1882,21,1861,63.50
6028,1882,47,1835,63.50
6097,1882,35,1847,63.50
6193,1882,38,1844,63.50
6321,1882,32,1850,63.50
6356,1882,65,1817,63.50
6468,1882,47,1835,63.50
6553,1882,39,1843,63.50
6792,1882,26,1856,63.50
7140,1882,42,1840,63.50
7159,1882,46,1836,63.50
7242,1882,18,1864,63.50
7273,1882,24,1858,63.50
7308,1882,33,1849,63.50
7525,1882,49,1833,63.50
7638,1882,50,1832,63.50
7673,1882,24,1858,63.50
7717,1882,40,1842,63.50
7725,1882,21,1861,63.50
8362,1882,46,1836,63.50
8443,1882,24,1858,63.50
8597,1889,72,1817,63.50
9128,1889,52,1837,63.50
9798,1889,48,1841,63.50
9859,1889,60,1829,63.50
10054,1889,32,1857,63.50
10105,1889,56,1833,63.50
10182,1889,71,1818,63.50
10325,1889,46,1843,63.50
10491,1889,61,1828,63.50
10774,1889,37,1852,63.50
10780,1889,41,1848,63.50
10807,1889,45,1844,63.50
10873,1889,54,1835,63.50
10943,1889,49,1840,63.50
10946,1889,37,1852,63.50
11070,1889,30,1859,63.50
11931,1889,23,1866 ,63.50
12284,1889,32,1857,63.50
13146,1890,51,1839,63.50
13216,1890,33,1857,63.50
13572,1890,30,1860,63.50
13808,1890,55,1835,63.50
13995,1890,39,1851,63.50
14650,1890,29,1861,63.50
15127,1890,50,1840,63.50
15280,1890,36,1854,63.50
15420,1890,38,1852,63.50
15522,1890,47,1843,63.50
15806,1890,43,1847,63.50
15808,1890,73,1817,63.50
15881,1890,36,1854,63.50
15929,1890,61,1829,63.50
16098,1890,31,1859,63.50
16390,1890,42,1848,63.50
16749,1891,65,1826,63.50
17062,1891,19,1872,63.50
17970,1891,34,1857,63.50
18055,1891,56,1835,63.50
18289,1891,58,1833,63.50
18342,1891,30,1861,63.50
18487,1891,49,1842,63.50
18813,1891,61,1830,63.50
19102,1891,27,1864,63.50
19245,1891,46,1845,63.50
19253,1891,28,1863,63.50
19462,1892,44,1848,63.50
19468,1892,37,1855,63.50
20139,1892,26,1866,63.50
20357,1892,27,1865,63.50
20966,1892,51,1841,63.50
21122,1892,59,1833,63.50
21821,1892,26,1866,63.50
22154,1892,40,1852,63.50
22664,1892,35,1857,63.50
22724,1892,33,1859,63.50
22738,1892,33,1859,63.50
22798,1892,28,1864,63.50
22805,1892,27,1865,63.50
23307,1893,44,1849,63.50
23415,1893,61,1832,63.50
23488,1893,62,1831,63.50
23589,1893,55,1838,63.50
23603,1893,77,1816,63.50
23732,1893,60,1833,63.50
23876,1893,31,1862,63.50
23981,1893,72,1821,63.50
24064,1893,51,1842,63.50
25142,1893,32,1861,63.50
25333,1893,30,1863,63.50
25601,1893,54,1839,63.50
25880,1893,43,1850,63.50
26318,1893,62,1831,63.50
26415,1893,43,1850,63.50
26425,1893,25,1868,63.50
26700,1893,18,1875 ,63.50
26841,1893,28,1865,63.50
27215,1894,49,1845,63.50
27304,1894,41,1853,63.50
27679,1894,73,1821,63.50
27763,1894,25,1869,63.50
28021,1894,40,1854,63.50
28878,1894,31,1863,63.50
30056,1894,38,1856,63.50
30637,1894,28,1866,63.50
31096,1895,30,1865,63.50
31247,1895,77,1818,63.50
31382,1895,37,1858,63.50
31504,1895,29,1866,63.50
31707,1895,27,1868,63.50
32074,1895,38,1857,63.50
32144,1895,26,1869,63.50
32407,1895,25,1870,63.50
33324,1895,24,1871,63.50
33411,1895,27,1868,63.50
33686,1895,44,1851,63.50
34217,1895,61,1834,63.50
34914,1896,28,1868,63.50
35022,1896,78,1818,63.50
35134,1896,31,1865,63.50
35861,1896,43,1853,63.50
37516,1896,20,1876,63.50
37569,1896,29,1867,63.50
37683,1896,33,1863,63.50
37918,1896,60,1836,63.50
38092,1896,47,1849,63.50
38156,1896,47,1849,63.50
39331,1897,21,1876,63.50
39438,1897,32,1865,63.50
39802,1897,28,1869,63.50
40736,1897,41,1856,63.50
41129,1897,47,1850,63.50
41232,1897,21,1876,63.50
41667,1897,37,1860,63.50
42506,1898,34,1864,63.50
42761,1898,35,1863,63.50
43152,1898,24,1874,63.50
43417,1898,35,1863,63.50
43545,1898,67,1831,63.50
44501,1898,33,1865,63.50
44787,1898,21,1877,63.50
45691,1898,40,1858,63.50
46255,1899,32,1867,63.50
46601,1899,35,1864,63.50
47379,1899,36,1863,63.50
47982,1899,39,1860,63.50
48594,1899,50,1849,63.50
48803,1899,29,1870,63.50
48961,1899,42,1857,63.50
49519,1899,35,1864,63.50
49618,1899,25,1874,63.50
49620,1899,34,1865,63.50
49622,1899,24,1875,63.50
49623,1899,27,1872,63.50
50082,1900,54,1846,63.50
50239,1900,51,1849,63.50
50680,1900,32,1868,63.50
51448,1900,43,1857,63.50
51522,1900,61,1839,63.50
52240,1900,20,1880,63.50
52721,1900,40,1860,63.50
53701,1901,21,1880,63.50
53779,1901,42,1859,63.50
53807,1901,42,1859,63.50
53851,1901,28,1873,63.50
53852,1901,56,1845,63.50
53981,1901,60,1841,63.50
54272,1901,62,1839,63.50
54734,1901,30,1871,63.50
54958,1901,36,1865,63.50
55242,1901,28,1873,63.50
55449,1901,43,1858,63.50
55670,1901,30,1871,63.50
55946,1901,48,1853,63.50
56263,1901,50,1851,63.50
56374,1901,36,1865,63.50
56603,1901,35,1866,63.50
56861,1901,26,1875,63.50
57487,1902,41,1861,63.50
57488,1902,38,1864,63.50
58487,1902,68,1834,63.50
58713,1902,28,1874,63.50
59020,1902,30,1872,63.50
59745,1902,53,1849,63.50
60483,1902,66,1836,63.50
60651,1903,78,1825,63.50
60767,1903,62,1841,63.50
61631,1903,26,1877,63.50
61935,1903,34,1869,63.50
62174,1903,46,1857,63.50
62597,1903,39,1864,63.50
64245,1903,67,1836,63.50
64333,1904,33,1871,63.50
64382,1904,42,1862,63.50
64550,1904,45,1859,63.50
64551,1904,22,1882,63.50
64917,1904,25,1879,63.50
65269,1904,68,1836,63.50
65329,1904,30,1874,63.50
65708,1904,39,1865,63.50
65712,1904,27,1877,63.50
66102,1904,77,1827,63.50
66647,1904,36,1868,63.50
66667,1904,19,1885,63.50
67264,1904,24,1880,63.50
68337,1904,26,1878,63.50
68790,1905,35,1870,63.50
69015,1905,29,1876,63.50
69394,1905,34,1871,63.50
70627,1905,30,1875,63.50
72220,1905,34,1871,63.50
72222,1905,28,1877,63.50
72599,1905,38,1867,63.50
72919,1905,52,1853,63.50
73025,1906,24,1882,63.50
74161,1906,36,1870,63.50
75219,1906,28,1878,63.50
75257,1906,22,1884,63.50
75541,1906,58,1848,63.50
76266,1906,50,1856,63.50
77264,1906,41,1865,63.50
77579,1907,40,1867,63.50
79126,1907,23,1884,63.50
80029,1907,33,1874,63.50
80121,1907,45,1862,63.50
80901,1907,40,1867,63.50
81000,1907,52,1855,63.50
81567,1907,54,1853,63.50
81845,1907,41,1866,63.50
83074,1908,40,1868,63.50
83496,1908,27,1881,63.50
83603,1908,40,1868,63.50
84662,1908,38,1870,63.50
85538,1908,27,1881,63.50
85887,1908,33,1875,63.50
86064,1908,21,1887,63.50
86141,1908,24,1884,63.50
86262,1908,20,1888,63.50
86905,1908,41,1867,63.50
86998,1909,19,1890,63.50
87356,1909,27,1882,63.50
87469,1909,28,1881,63.50
88222,1909,23,1886,63.50
88223,1909,26,1883,63.50
88738,1909,22,1887,63.50
89394,1909,44,1865,63.50
91399,1909,19,1890,63.50
92333,1919,53,1866,63.50
92398,1910,45,1865,63.50
93481,1910,30,1880,63.50
93794,1910,35,1875,63.50
94775,1910,38,1872,63.50
95560,1910,23,1887,63.50
95835,1910,22,1888,63.50
96049,1910,30,1880,63.50
96050,1910,50,1860,63.50
97242,1910,44,1866,63.50
99784,1911,57,1854,63.50
100071,1911,24,1887,63.50
100600,1911,48,1863,63.50
100661,1911,30,1881,63.50
101374,1911,28,1883,63.50
101699,1911,35,1876,63.50
101875,1911,37,1874,63.50
102064,1911,21,1890,63.50
102448,1911,25,1886,63.50
103002,1911,32,1879,63.50
105712,1912,45,1867,63.50
108363,1913,57,1856,63.50
109733,1913,28,1885,63.50
109989,1913,39,1874,63.50
110450,1913,45,1868,63.50
110698,1913,30,1883,63.50
110817,1913,31,1882,63.50
111493,1913,29,1884,63.50
113498,1914,21,1893,63.50
114790,1914,67,1847,63.50
116767,1915,35,1880,63.50
117446,1915,47,1868,63.50
117529,1915,37,1878,63.50
117825,1915,25,1890,63.50
118063,1915,30,1885,63.50
118690,1915,68,1847,63.50
119190,1915,50,1865,63.50
120334,1916,68,1848,63.50
120941,1916,21,1895,63.50
121582,1917,32,1885,63.50
121786,1917,23,1894,63.50
123074,1917,36,1881,63.50
123338,1918,25,1893,63.50
123590,1918,27,1891,63.50
123754,1918,45,1873,63.50
124251,1918,25,1893,63.50
124366,1919,28,1891,63.50
124737,1919,23,1896,63.50
124876,1919,30,1889,63.50
124955,1919,41,1878,63.50
124999,1919,28,1891,63.50
125409,1919,39,1880,63.50
125760,1920,27,1893,63.50
126554,1920,29,1891,63.50
126683,1920,19,1901,63.50
126774,1920,45,1875,63.50
126951,1920,24,1896,63.50
127086,1921,24,1897,63.50
127239,1921,54,1867,63.50
127577,1921,21,1900,63.50
129118,1922,57,1865,63.50
129430,1922,57,1865,63.50
129891,1922,25,1897,63.50
130225,1922,24,1898,63.50
131133,1923,51,1872,63.50
131573,1923,23,1900,63.50
131771,1923,27,1896,63.50
132194,1923,28,1895,63.50
132719,1924,55,1869,63.50
133075,1924,50,1874,63.50
133451,1924,42,1882,63.50
134017,1924,26,1898,63.50
134793,1925,41,1884,63.50
135337,1925,45,1880,63.50
135674,1925,30,1895,63.50
135782,1925,28,1897,63.50
135948,1925,37,1888,63.50
455,1881,26,1855,63.75
533,1881,48,1833,63.75
1046,1881,22,1859,63.75
1994,1881,43,1838,63.75
3076,1881,44,1837,63.75
3637,1881,26,1855,63.75
4180,1881,21,1860,63.75
4475,1882,41,1841,63.75
6853,1882,28,1854,63.75
7430,1882,38,1844,63.75
7889,1882,20,1862,63.75
8643,1889,20,1869,63.75
11221,1889,27,1862,63.75
11802,1889,38,1851,63.75
12968,1890,21,1869,63.75
12977,1890,46,1844,63.75
13151,1890,48,1842,63.75
14123,1890,19,1871,63.75
14931,1890,29,1861,63.75
17416,1891,19,1872,63.75
17730,1891,32,1859,63.75
21302,1892,35,1857,63.75
23138,1892,34,1858,63.75
23815,1893,37,1856,63.75
25093,1893,21,1872,63.75
30282,1894,45,1849,63.75
37682,1896,54,1842,63.75
38863,1897,38,1859,63.75
39109,1897,19,1878,63.75
39471,1897,74,1823,63.75
42602,1898,19,1879,63.75
43241,1898,27,1871,63.75
43917,1898,25,1873,63.75
44640,1898,30,1868,63.75
47628,1899,39,1860,63.75
49309,1899,43,1856,63.75
49805,1899,35,1864,63.75
50684,1900,41,1859,63.75
51526,1900,35,1865,63.75
53008,1900,15,1885,63.75
55905,1901,26,1875,63.75
58386,1902,42,1860,63.75
58420,1902,26,1876,63.75
60012,1902,28,1874,63.75
60171,1902,21,1881,63.75
61085,1903,33,1870,63.75
63447,1903,22,1881,63.75
64914,1904,25,1879,63.75
69380,1905,32,1873,63.75
70583,1905,50,1855,63.75
76599,1906,25,1881,63.75
77499,1907,30,1877,63.75
78030,1907,54,1853,63.75
81378,1907,31,1876,63.75
82936,1908,26,1882,63.75
83043,1908,48,1860,63.75
84729,1908,25,1883,63.75
92320,1909,31,1878,63.75
93168,1910,29,1881,63.75
110380,1913,34,1879,63.75
112187,1913,39,1874,63.75
116702,1915,27,1888,63.75
120293,1916,40,1876,63.75
122291,1917,26,1891,63.75
124265,1918,25,1893,63.75
125988,1920,28,1892,63.75
131284,1923,26,1897,63.75
133856,1924,36,1888,63.75
77,1881,53,1828  ,64.00
88,1881,39,1842,64.00
272,1881,33,1848,64.00
412,1881,42,1839,64.00
622,1881,34,1847,64.00
1101,1881,35,1846,64.00
1215,1881,42,1839,64.00
1258,1881,49,1832,64.00
1384,1881,21,1860,64.00
1504,1881,37,1844,64.00
1680,1881,41,1840,64.00
2207,1881,55,1826,64.00
2256,1881,38,1843,64.00
2389,1881,20,1861,64.00
2392,1881,57,1824,64.00
2495,1881,56,1825,64.00
2498,1881,54,1827,64.00
2663,1881,40,1841,64.00
2691,1881,38,1843,64.00
2692,1881,50,1831,64.00
2796,1881,24,1857,64.00
2877,1881,46,1835,64.00
3329,1881,29,1852,64.00
3392,1881,65,1816,64.00
3742,1881,48,1833,64.00
3866,1881,51,1830,64.00
3893,1881,36,1845,64.00
3991,1881,34,1847,64.00
4182,1882,33,1849,64.00
4275,1882,28,1854,64.00
4307,1882,30,1852,64.00
4344,1882,42,1840,64.00
4359,1882,26,1856,64.00
4360,1882,15,1867,64.00
4580,1882,56,1826,64.00
4581,1882,20,1862,64.00
4593,1882,39,1843,64.00
4935,1882,50,1832,64.00
5255,1882,45,1837,64.00
5320,1882,46,1836,64.00
5455,1882,47,1835,64.00
5787,1882,25,1857,64.00
5792,1882,45,1837,64.00
5972,1882,57,1825,64.00
6156,1882,63,1819,64.00
6217,1882,23,1859,64.00
6322,1882,53,1829,64.00
6471,1882,25,1857,64.00
6565,1882,40,1842,64.00
6618,1882,38,1844,64.00
6730,1882,20,1862,64.00
6992,1882,24,1858,64.00
7337,1882,36,1846,64.00
7345,1882,33,1849,64.00
7503,1882,38,1844,64.00
7561,1882,50,1832,64.00
7571,1882,38,1844,64.00
7722,1882,69,1813,64.00
8069,1882,41,1841,64.00
8126,1882,29,1853,64.00
8399,1882,24,1858,64.00
8590,1889,22,1867,64.00
8679,1889,25,1864,64.00
8880,1889,60,1829,64.00
9170,1889,30,1859,64.00
9214,1889,46,1843,64.00
9453,1889,66,1823,64.00
9780,1889,56,1833,64.00
9814,1889,24,1865,64.00
10366,1889,44,1845,64.00
10415,1889,43,1846,64.00
10432,1889,43,1846,64.00
10587,1889,29,1860,64.00
10878,1889,41,1848,64.00
10894,1889,60,1829,64.00
10933,1889,52,1837,64.00
10966,1889,52,1837,64.00
11149,1889,35,1854,64.00
11519,1889,51,1838,64.00
11944,1889,23,1866,64.00
12014,1889,24,1865,64.00
12016,1889,45,1844,64.00
12017,1889,50,1839,64.00
12411,1889,22,1867,64.00
12432,1889,48,1841,64.00
12599,1890,55,1835,64.00
12661,1890,24,1866,64.00
12669,1890,18,1872,64.00
12883,1890,34,1856,64.00
12921,1890,13,1877,64.00
13143,1890,29,1861,64.00
13269,1890,25,1865,64.00
13404,1890,30,1860,64.00
13484,1890,65,1825,64.00
13773,1890,24,1866,64.00
13922,1890,40,1850,64.00
13925,1890,44,1846,64.00
13950,1890,31,1859,64.00
14409,1890,32,1858,64.00
14521,1890,48,1842,64.00
14537,1890,35,1855,64.00
14539,1890,45,1845,64.00
14607,1890,21,1869,64.00
14688,1890,24,1866,64.00
15102,1890,25,1865,64.00
15386,1890,28,1862,64.00
15425,1890,26,1864,64.00
15435,1890,44,1846,64.00
15762,1890,25,1865,64.00
16093,1890,55,1835,64.00
16201,1890,63,1827,64.00
16259,1890,30,1860 ,64.00
16309,1890,73,1817,64.00
16337,1890,23,1867,64.00
16359,1890,38,1852,64.00
16456,1890,49,1841,64.00
16514,1890,53,1837,64.00
16630,1891,55,1836,64.00
16782,1891,26,1865,64.00
16792,1891,22,1869,64.00
16902,1891,32,1859,64.00
17263,1891,38,1853,64.00
17801,1891,23,1868,64.00
17962,1891,36,1855,64.00
17968,1891,43,1848,64.00
18157,1891,66,1825,64.00
18397,1891,31,1860,64.00
19051,1891,46,1845,64.00
19178,1891,34,1857,64.00
19187,1891,36,1855,64.00
19447,1891,41,1850,64.00
19532,1902,39,1863,64.00
19670,1892,33,1859,64.00
20080,1892,29,1863,64.00
20285,1892,48,1844,64.00
20331,1892,68,1824,64.00
20882,1892,27,1865,64.00
21087,1892,20,1872,64.00
21430,1892,29,1863,64.00
21540,1892,20,1872,64.00
21611,1892,43,1849,64.00
21823,1892,48,1844,64.00
22259,1892,35,1857,64.00
22271,1892,49,1843,64.00
22276,1892,47,1845,64.00
22360,1892,24,1868,64.00
22503,1892,22,1870,64.00
23826,1893,29,1864 ,64.00
24645,1893,74,1819,64.00
24858,1893,23,1870,64.00
24900,1893,31,1862,64.00
24939,1893,34,1859,64.00
25172,1893,75,1818,64.00
25371,1893,31,1862,64.00
26035,1893,21,1872,64.00
26221,1893,21,1872,64.00
26320,1893,26,1867,64.00
26641,1893,32,1861,64.00
27006,1894,51,1843,64.00
27909,1894,50,1844,64.00
28504,1894,51,1843,64.00
28533,1894,55,1839 ,64.00
28612,1894,50,1844,64.00
29013,1894,27,1867,64.00
29150,1894,20,1874,64.00
29296,1894,26,1868,64.00
29396,1894,49,1845,64.00
29431,1894,50,1844,64.00
29739,1894,44,1850,64.00
29809,1894,55,1839,64.00
29834,1894,34,1860,64.00
30241,1894,27,1867,64.00
30691,1894,41,1853,64.00
30950,1895,30,1865,64.00
31078,1895,48,1847,64.00
31104,1895,39,1856,64.00
31229,1895,66,1829,64.00
31288,1895,28,1867,64.00
31326,1895,55,1840,64.00
31563,1895,28,1867,64.00
31571,1895,45,1850,64.00
31820,1895,21,1874,64.00
31943,1895,51,1844,64.00
32284,1895,37,1858,64.00
32348,1895,35,1860,64.00
32349,1895,46,1849,64.00
32570,1895,25,1870,64.00
33600,1895,50,1845,64.00
33720,1895,37,1858 ,64.00
33726,1895,21,1874,64.00
33876,1895,29,1866,64.00
34284,1895,20,1875,64.00
34337,1895,19,1876,64.00
34400,1895,39,1856,64.00
34479,1895,26,1869,64.00
34580,1895,29,1866,64.00
34766,1896,35,1861,64.00
35021,1896,30,1866,64.00
35972,1896,39,1857,64.00
36092,1896,39,1857,64.00
36102,1896,34,1862,64.00
36405,1896,31,1865,64.00
36542,1896,29,1867,64.00
36618,1896,47,1849,64.00
37227,1896,31,1865,64.00
37351,1896,21,1875,64.00
37397,1896,19,1877,64.00
37937,1896,30,1866,64.00
38055,1896,33,1863,64.00
38094,1896,41,1855,64.00
38375,1896,48,1848,64.00
38714,1896,30,1866,64.00
38719,1896,27,1869,64.00
39048,1897,53,1844,64.00
39069,1897,52,1845,64.00
39262,1897,27,1870,64.00
39797,1897,28,1869,64.00
39804,1897,46,1851,64.00
40908,1897,76,1821,64.00
41586,1897,36,1861,64.00
41759,1897,19,1878,64.00
41796,1897,47,1850,64.00
42053,1897,18,1879,64.00
42194,1897,47,1850,64.00
42243,1897,41,1856,64.00
42349,1897,48,1849,64.00
42786,1898,49,1849,64.00
42961,1898,22,1876,64.00
43166,1898,50,1848,64.00
43177,1898,56,1842,64.00
43208,1898,28,1870,64.00
43244,1898,37,1861,64.00
43418,1898,57,1841,64.00
44289,1898,61,1837,64.00
44388,1898,20,1878,64.00
44783,1898,31,1867,64.00
45092,1898,48,1850,64.00
45396,1898,37,1861,64.00
45816,1898,31,1867,64.00
46008,1898,22,1876,64.00
46120,1898,14,1884,64.00
46144,1899,34,1865,64.00
46436,1899,38,1861,64.00
46561,1899,42,1857,64.00
47275,1899,33,1866,64.00
48267,1899,36,1863,64.00
48975,1899,75,1824,64.00
49966,1899,40,1859,64.00
50031,1899,38,1861,64.00
50087,1900,49,1851,64.00
50114,1900,48,1852,64.00
50237,1900,46,1854,64.00
50267,1900,38,1862,64.00
50692,1900,44,1856,64.00
50982,1900,42,1858,64.00
51065,1900,37,1863,64.00
51291,1900,56,1844,64.00
51594,1900,51,1849,64.00
51881,1900,28,1872,64.00
52352,1900,21,1879,64.00
52642,1900,30,1870,64.00
52859,1900,30,1870,64.00
53219,1900,32,1868,64.00
53237,1900,57,1843,64.00
53412,1900,49,1851,64.00
53529,1901,25,1876,64.00
54410,1901,56,1845,64.00
54490,1901,28,1873,64.00
55806,1901,64,1837,64.00
55808,1901,40,1861,64.00
56316,1901,54,1847,64.00
56604,1901,19,1882,64.00
56745,1901,39,1862,64.00
56862,1901,71,1830,64.00
57109,1902,32,1870,64.00
57849,1902,28,1874,64.00
57910,1902,31,1871,64.00
58658,1902,38,1864,64.00
59159,1902,29,1873,64.00
59793,1902,49,1853,64.00
59818,1902,29,1873,64.00
59824,1902,22,1880,64.00
59885,1902,64,1838,64.00
59910,1902,31,1871,64.00
60048,1902,30,1872,64.00
60636,1903,61,1842,64.00
60844,1903,19,1884,64.00
62146,1903,29,1874,64.00
62333,1903,34,1869,64.00
63140,1903,42,1861,64.00
63736,1903,61,1842,64.00
64016,1903,27,1876,64.00
64842,1904,49,1855,64.00
64844,1904,48,1856,64.00
64920,1904,24,1880,64.00
64952,1904,21,1883,64.00
65190,1904,24,1880,64.00
65608,1904,46,1858,64.00
65753,1904,40,1864,64.00
65913,1904,31,1873,64.00
66083,1904,27,1877,64.00
66699,1904,46,1858,64.00
67703,1904,41,1863,64.00
67949,1904,24,1880,64.00
68005,1904,68,1836,64.00
69267,1905,21,1884,64.00
70228,1905,23,1882,64.00
70826,1905,62,1843,64.00
70964,1905,31,1874,64.00
71022,1905,32,1873,64.00
71138,1905,42,1863,64.00
71264,1905,30,1875,64.00
71590,1905,38,1867,64.00
71741,1905,40,1865,64.00
72140,1905,47,1858,64.00
73596,1906,38,1868,64.00
73996,1906,51,1855,64.00
74501,1906,21,1885,64.00
74597,1906,39,1867,64.00
74606,1906,33,1873,64.00
74759,1906,19,1887,64.00
75218,1906,41,1865,64.00
75737,1906,23,1883,64.00
75766,1906,24,1882,64.00
76083,1906,41,1865,64.00
76410,1906,49,1857,64.00
76413,1906,34,1872,64.00
76418,1906,50,1856,64.00
77688,1907,48,1859,64.00
77911,1907,49,1858,64.00
78134,1907,45,1862,64.00
78219,1907,41,1866,64.00
78556,1907,23,1884,64.00
78711,1907,22,1885,64.00
79699,1907,25,1882,64.00
80655,1907,40,1867,64.00
82352,1908,34,1874,64.00
82516,1908,29,1879,64.00
82612,1908,25,1883,64.00
83126,1908,31,1877,64.00
83323,1908,43,1865,64.00
84134,1908,50,1858,64.00
84482,1908,42,1866,64.00
84534,1908,48,1860,64.00
84887,1908,29,1879,64.00
87411,1909,39,1870,64.00
90632,1909,44,1865,64.00
90941,1909,45,1864,64.00
91310,1909,24,1885,64.00
92801,1910,45,1865,64.00
92994,1910,57,1853,64.00
95533,1910,37,1873,64.00
95666,1910,24,1886,64.00
97528,1910,26,1884,64.00
100715,1911,66,1845,64.00
101959,1911,44,1867,64.00
103028,1911,24,1887,64.00
103161,1912,20,1892,64.00
103676,1912,41,1871,64.00
103862,1912,21,1891,64.00
104056,1912,29,1883,64.00
105044,1912,48,1864,64.00
106294,1912,40,1872,64.00
106811,1912,40,1872,64.00
107312,1912,41,1871,64.00
107553,1912,28,1884,64.00
107557,1912,35,1877,64.00
108015,1913,27,1886,64.00
108228,1913,43,1870,64.00
109345,1913,43,1870,64.00
109928,1913,27,1886,64.00
111138,1913,66,1847,64.00
111640,1913,21,1892,64.00
112496,1914,44,1870,64.00
113057,1914,44,1870,64.00
113157,1914,46,1868,64.00
113216,1914,31,1883,64.00
113218,1914,47,1867,64.00
114133,1914,38,1876,64.00
114134,1914,47,1867,64.00
114463,1914,50,1864,64.00
114612,1914,24,1890,64.00
115689,1914,48,1866,64.00
115852,1914,35,1879,64.00
116443,1914,54,1860,64.00
116703,1915,55,1860,64.00
117224,1915,21,1894,64.00
117613,1915,75,1840,64.00
118360,1915,66,1849,64.00
118702,1915,47,1868,64.00
118703,1915,31,1884,64.00
118828,1915,40,1875,64.00
119025,1915,31,1884,64.00
119624,1915,26,1889,64.00
119669,1916,36,1880,64.00
120079,1916,62,1854,64.00
120105,1916,50,1866,64.00
120249,1916,50,1866,64.00
120564,1916,24,1892,64.00
120940,1916,26,1890,64.00
121272,1916,37,1879,64.00
121316,1916,46,1870,64.00
121478,1916,35,1881,64.00
121500,1916,43,1873,64.00
121807,1917,48,1869,64.00
122312,1917,24,1893,64.00
122457,1917,27,1890,64.00
122507,1917,32,1885,64.00
122762,1917,56,1861,64.00
123131,1918,30,1888,64.00
123565,1918,28,1890,64.00
123566,1918,28,1890,64.00
123597,1918,52,1866,64.00
123784,1918,47,1871,64.00
124310,1918,24,1894,64.00
124345,1918,36,1882,64.00
124430,1919,30,1889,64.00
124615,1919,34,1885,64.00
124645,1919,29,1890,64.00
125000,1919,25,1894,64.00
125051,1919,27,1892,64.00
125093,1919,31,1888,64.00
125094,1919,30,1889,64.00
125163,1919,40,1879,64.00
125176,1919,46,1873,64.00
125759,1920,24,1896,64.00
125764,1920,41,1879,64.00
126061,1920,55,1865,64.00
126220,1920,30,1890,64.00
126269,1920,54,1866,64.00
126410,1920,47,1873,64.00
126442,1920,25,1895,64.00
126454,1920,38,1882,64.00
126871,1920,46,1874,64.00
127013,1921,20,1901,64.00
127436,1921,31,1890,64.00
127578,1921,31,1890,64.00
127637,1921,31,1890,64.00
128130,1921,35,1886,64.00
128625,1921,82,1839,64.00
128888,1922,25,1897,64.00
128981,1922,24,1898,64.00
129090,1922,28,1894,64.00
129410,1922,25,1897,64.00
129841,1922,34,1888,64.00
129948,1922,72,1850,64.00
130072,1922,28,1894,64.00
130083,1922,42,1880,64.00
130132,1922,24,1898,64.00
130325,1922,26,1896,64.00
130640,1922,19,1903,64.00
131296,1923,73,1850,64.00
131572,1923,50,1873,64.00
132478,1923,48,1875,64.00
132484,1923,38,1885,64.00
132705,1924,25,1899,64.00
133289,1924,38,1886,64.00
134399,1925,40,1885,64.00
134419,1925,39,1886,64.00
134693,1925,50,1875,64.00
135268,1925,31,1894,64.00
135509,1925,46,1879,64.00
135531,1925,48,1877,64.00
2502,1881,46,1835,64.25
3764,1881,39,1842,64.25
4938,1882,38,1844,64.25
8484,1882,21,1861,64.25
12054,1889,37,1852,64.25
13452,1890,27,1863,64.25
15984,1890,19,1871,64.25
17497,1891,46,1845,64.25
22743,1892,43,1849,64.25
25762,1893,55,1838,64.25
26909,1893,33,1860,64.25
31492,1895,38,1857,64.25
33006,1895,42,1853,64.25
33150,1895,25,1870,64.25
37902,1896,26,1870,64.25
40668,1897,32,1865,64.25
41666,1897,21,1876,64.25
43796,1898,19,1879,64.25
44136,1898,63,1835,64.25
46251,1899,21,1878,64.25
49254,1899,25,1874,64.25
49807,1899,22,1877,64.25
52074,1900,29,1871,64.25
53985,1901,24,1877,64.25
54228,1901,38,1863,64.25
55159,1901,24,1877,64.25
65002,1904,31,1873,64.25
66168,1904,35,1869,64.25
74233,1906,24,1882,64.25
77052,1906,28,1878,64.25
78659,1907,44,1863,64.25
93793,1910,31,1879,64.25
98492,1911,23,1888,64.25
100037,1911,34,1877,64.25
122954,1917,54,1863,64.25
123985,1918,25,1893,64.25
125916,1920,28,1892,64.25
126369,1920,23,1897,64.25
126746,1920,22,1898,64.25
128051,1921,21,1900,64.25
128227,1921,21,1900,64.25
134113,1924,30,1894,64.25
15,1881,31,1850,64.50
84,1881,22,1859,64.50
133,1881,45,1836,64.50
178,1881,20,1861,64.50
218,1881,21,1860,64.50
440,1881,21,1860,64.50
484,1881,43,1838,64.50
609,1881,49,1832,64.50
721,1881,27,1854,64.50
873,1881,50,1831,64.50
1135,1881,39,1842,64.50
1829,1881,33,1848,64.50
2508,1881,55,1826,64.50
3140,1881,40,1841,64.50
3147,1881,29,1852,64.50
3170,1881,19,1862,64.50
3211,1881,53,1828,64.50
3331,1881,27,1854,64.50
3557,1881,33,1848,64.50
4056,1881,33,1848,64.50
5961,1882,20,1862,64.50
6206,1882,50,1832,64.50
6467,1882,19,1863,64.50
6696,1882,19,1863,64.50
6982,1882,28,1854,64.50
7003,1882,56,1826,64.50
7297,1882,34,1848,64.50
7601,1882,32,1850,64.50
7934,1882,50,1832,64.50
8113,1882,41,1841,64.50
8162,1882,82,1800,64.50
8422,1882,27,1855,64.50
8993,1889,35,1854,64.50
9125,1889,63,1826,64.50
10144,1889,38,1851,64.50
11420,1889,27,1862,64.50
11804,1889,37,1852,64.50
12070,1889,24,1865,64.50
12290,1889,39,1850,64.50
12433,1889,35,1854,64.50
12576,1896,63,1833,64.50
13425,1890,30,1860,64.50
14277,1890,51,1839,64.50
14297,1890,51,1839,64.50
14455,1890,39,1851,64.50
15550,1890,34,1856,64.50
16733,1891,47,1844,64.50
16971,1891,67,1824,64.50
17232,1891,41,1850,64.50
17246,1891,58,1833,64.50
17344,1891,63,1828,64.50
18386,1891,26,1865,64.50
19629,1892,42,1850,64.50
19758,1892,35,1857,64.50
21120,1892,57,1835,64.50
21231,1892,41,1851,64.50
21541,1892,47,1845,64.50
21643,1892,21,1871,64.50
23109,1892,39,1853,64.50
23331,1893,22,1871,64.50
23454,1893,34,1859,64.50
23483,1893,40,1853,64.50
23519,1893,35,1858,64.50
23934,1893,41,1852,64.50
24307,1893,30,1863,64.50
24450,1893,52,1841,64.50
25697,1893,23,1870,64.50
26148,1893,28,1865,64.50
26677,1893,30,1863,64.50
28299,1894,42,1852,64.50
29731,1894,28,1866,64.50
29810,1894,21,1873,64.50
30912,1895,62,1833,64.50
32223,1895,21,1874,64.50
33673,1895,22,1873,64.50
35209,1896,46,1850,64.50
35210,1896,27,1869,64.50
36593,1896,40,1856,64.50
36594,1896,19,1877,64.50
36816,1896,22,1874,64.50
37421,1896,38,1858,64.50
37806,1896,28,1868,64.50
37825,1896,65,1831,64.50
37908,1896,18,1878,64.50
37953,1896,28,1868,64.50
38588,1896,35,1861,64.50
39354,1897,56,1841,64.50
39697,1897,48,1849,64.50
39699,1897,52,1845,64.50
39803,1897,31,1866,64.50
40966,1897,62,1835,64.50
41327,1897,11,1886,64.50
42028,1897,20,1877,64.50
42605,1898,27,1871,64.50
44298,1898,27,1871,64.50
44382,1898,38,1860,64.50
44384,1898,65,1833,64.50
44495,1898,28,1870,64.50
45503,1898,34,1864,64.50
46121,1898,36,1862,64.50
46826,1899,34,1865,64.50
47813,1899,59,1840,64.50
49097,1899,31,1868,64.50
49465,1899,28,1871,64.50
51067,1900,38,1862,64.50
51242,1900,35,1865,64.50
51525,1900,24,1876,64.50
53530,1901,56,1845,64.50
53707,1901,33,1868,64.50
55915,1901,33,1868,64.50
56953,1902,60,1842,64.50
57215,1902,31,1871,64.50
57833,1902,52,1850,64.50
58957,1902,22,1880,64.50
59872,1902,30,1872,64.50
59935,1902,27,1875,64.50
62317,1903,41,1862,64.50
62851,1903,26,1877,64.50
63159,1903,25,1878,64.50
63370,1903,35,1868,64.50
65143,1904,28,1876,64.50
65711,1904,36,1868,64.50
66157,1904,30,1874,64.50
68007,1904,34,1870,64.50
69220,1905,20,1885,64.50
70298,1905,32,1873,64.50
70829,1905,29,1876,64.50
70917,1905,32,1873,64.50
71621,1905,29,1876,64.50
73909,1906,34,1872,64.50
74131,1906,31,1875,64.50
74873,1906,25,1881,64.50
76506,1906,38,1868,64.50
77050,1906,36,1870,64.50
78255,1907,32,1875,64.50
83825,1908,33,1875,64.50
84097,1908,24,1884,64.50
85271,1908,24,1884,64.50
85704,1908,37,1871,64.50
86541,1908,20,1888,64.50
87779,1909,41,1868,64.50
87984,1909,49,1860,64.50
88244,1909,38,1871,64.50
89840,1909,41,1868,64.50
91351,1909,30,1879,64.50
92812,1910,47,1863,64.50
95424,1910,30,1880,64.50
95834,1910,39,1871,64.50
96933,1910,46,1864,64.50
97529,1910,45,1865,64.50
98419,1911,32,1879,64.50
99083,1911,40,1871,64.50
99879,1911,39,1872,64.50
100904,1911,24,1887,64.50
101876,1911,59,1852,64.50
101894,1911,30,1881,64.50
103236,1912,33,1879,64.50
105025,1912,24,1888,64.50
105756,1912,44,1868,64.50
106990,1912,39,1873,64.50
111910,1913,41,1872,64.50
113350,1914,27,1887,64.50
115183,1914,37,1877,64.50
116649,1915,30,1885,64.50
117640,1915,54,1861,64.50
118856,1915,39,1876,64.50
118895,1915,43,1872,64.50
119137,1915,55,1860,64.50
119149,1915,51,1864,64.50
119679,1916,29,1887,64.50
120300,1916,39,1877,64.50
120829,1916,43,1873,64.50
122508,1917,22,1895,64.50
123735,1918,49,1869,64.50
123736,1918,46,1872,64.50
123788,1918,25,1893,64.50
124974,1919,43,1876,64.50
125049,1919,26,1893,64.50
126703,1920,41,1879,64.50
127290,1921,24,1897,64.50
127664,1921,47,1874,64.50
128149,1921,24,1897,64.50
129325,1922,35,1887,64.50
129667,1922,22,1900,64.50
130032,1922,27,1895,64.50
130195,1922,36,1886,64.50
130464,1922,33,1889,64.50
131837,1923,27,1896,64.50
131919,1923,36,1887,64.50
132954,1924,38,1886,64.50
133699,1924,30,1894,64.50
134248,1924,37,1887,64.50
134878,1925,34,1891,64.50
135196,1925,34,1891,64.50
135490,1925,35,1890,64.50
135897,1925,49,1876,64.50
320,1881,28,1853,64.75
700,1881,28,1853,64.75
1143,1881,41,1840,64.75
2522,1881,45,1836,64.75
5212,1882,24,1858,64.75
5865,1882,52,1830,64.75
6693,1882,43,1839,64.75
7896,1882,28,1854,64.75
8245,1882,44,1838,64.75
9133,1889,52,1837,64.75
9704,1889,31,1858,64.75
10289,1889,52,1837,64.75
14805,1890,22,1868,64.75
17898,1891,24,1867,64.75
20927,1892,56,1836,64.75
21642,1892,23,1869,64.75
25328,1893,24,1869,64.75
29553,1894,27,1867,64.75
30844,1894,34,1860,64.75
31155,1895,38,1857,64.75
36208,1896,29,1867,64.75
38410,1896,56,1840,64.75
39593,1897,21,1876,64.75
39986,1897,26,1871,64.75
44641,1898,29,1869,64.75
47879,1899,34,1865,64.75
47984,1899,38,1861,64.75
48037,1899,35,1864,64.75
51073,1900,31,1869,64.75
52720,1900,28,1872,64.75
63446,1903,57,1846,64.75
69579,1905,35,1870,64.75
70916,1905,30,1875,64.75
71744,1905,46,1859,64.75
75767,1906,36,1870,64.75
76600,1906,22,1884,64.75
80798,1907,35,1872,64.75
94328,1910,33,1877,64.75
123172,1918,32,1886,64.75
124222,1918,26,1892,64.75
127817,1921,48,1873,64.75
128984,1922,47,1875,64.75
347,1881,26,1855,65.00
481,1881,38,1843,65.00
561,1881,47,1834,65.00
991,1881,58,1823,65.00
1160,1881,18,1863,65.00
1291,1881,30,1851,65.00
1811,1881,35,1846,65.00
1967,1881,41,1840,65.00
2142,1881,61,1820,65.00
2275,1881,28,1853,65.00
2936,1881,37,1844,65.00
3014,1881,36,1845,65.00
3290,1881,41,1840,65.00
3481,1881,36,1845,65.00
3613,1881,42,1839,65.00
3986,1881,37,1844,65.00
5136,1882,55,1827,65.00
5872,1882,29,1853,65.00
6639,1882,22,1860,65.00
7324,1882,26,1856,65.00
8058,1882,46,1836,65.00
8826,1889,20,1869,65.00
8870,1889,48,1841,65.00
9192,1889,28,1861,65.00
9812,1889,40,1849,65.00
10653,1889,27,1862,65.00
11515,1889,57,1832,65.00
11590,1889,52,1837,65.00
11917,1889,26,1863,65.00
12463,1889,38,1851,65.00
12500,1889,44,1845,65.00
14693,1890,56,1834,65.00
14806,1890,39,1851,65.00
15484,1890,30,1860,65.00
15591,1890,53,1837,65.00
16358,1890,34,1856,65.00
16515,1890,63,1827,65.00
16747,1891,20,1871,65.00
16840,1891,57,1834,65.00
16988,1891,30,1861,65.00
19983,1892,58,1834,65.00
20150,1892,41,1851,65.00
21262,1892,42,1850,65.00
21555,1892,23,1869,65.00
21570,1892,38,1854,65.00
21667,1892,37,1855,65.00
21904,1892,31,1861,65.00
24057,1893,67,1826,65.00
25198,1893,22,1871,65.00
25796,1893,53,1840,65.00
26423,1893,39,1854,65.00
26738,1893,54,1839,65.00
27399,1894,27,1867,65.00
27443,1894,40,1854,65.00
27537,1894,21,1873,65.00
27951,1894,19,1875,65.00
29168,1894,44,1850,65.00
29432,1894,25,1869,65.00
30872,1894,30,1864,65.00
31512,1895,22,1873,65.00
31569,1895,43,1852,65.00
32003,1895,35,1860,65.00
32525,1895,44,1851,65.00
33147,1895,25,1870,65.00
33173,1895,53,1842,65.00
33223,1895,42,1853,65.00
33581,1895,25,1870,65.00
33615,1895,54,1841,65.00
33647,1895,40,1855,65.00
34191,1895,34,1861,65.00
34729,1895,36,1859,65.00
35353,1896,25,1871,65.00
36659,1896,18,1878,65.00
37372,1896,42,1854,65.00
37395,1896,29,1867,65.00
39030,1897,37,1860,65.00
39143,1897,48,1849,65.00
40543,1897,30,1867,65.00
42824,1898,32,1866,65.00
42965,1898,26,1872,65.00
43792,1898,20,1878,65.00
43924,1898,33,1865,65.00
44411,1898,41,1857,65.00
44905,1898,40,1858,65.00
45588,1898,27,1871,65.00
46928,1899,23,1876,65.00
47978,1899,26,1873,65.00
49099,1899,36,1863,65.00
49482,1899,46,1853,65.00
49483,1899,39,1860,65.00
49490,1899,39,1860,65.00
49645,1899,43,1856,65.00
49646,1899,29,1870,65.00
50617,1900,29,1871,65.00
50639,1900,40,1860,65.00
51069,1900,44,1856,65.00
51703,1900,60,1840,65.00
51704,1900,43,1857,65.00
52185,1900,56,1844,65.00
52549,1900,20,1880,65.00
52786,1900,55,1845,65.00
52941,1900,43,1857,65.00
53608,1901,27,1874,65.00
56266,1901,39,1862,65.00
59432,1902,33,1869,65.00
60900,1903,38,1865,65.00
61134,1903,21,1882,65.00
62798,1903,67,1836,65.00
63538,1903,53,1850,65.00
63755,1903,64,1839,65.00
64589,1904,23,1881,65.00
64756,1904,31,1873,65.00
64843,1904,34,1870,65.00
65632,1904,36,1868,65.00
65709,1904,51,1853,65.00
67717,1904,46,1858,65.00
68231,1904,22,1882,65.00
68938,1905,39,1866,65.00
70540,1905,20,1885,65.00
71622,1905,58,1847,65.00
71681,1905,40,1865,65.00
72017,1905,28,1877,65.00
72019,1905,32,1873,65.00
72356,1905,55,1850,65.00
72410,1905,28,1877,65.00
73787,1906,27,1879,65.00
76123,1906,28,1878,65.00
76858,1906,44,1862,65.00
77690,1907,32,1875,65.00
82017,1907,21,1886,65.00
82184,1907,33,1874,65.00
82733,1908,68,1840,65.00
83615,1908,60,1848,65.00
86540,1908,46,1862,65.00
86716,1908,45,1863,65.00
87955,1909,41,1868,65.00
89741,1909,35,1874,65.00
90506,1909,19,1890,65.00
90631,1909,25,1884,65.00
90763,1909,37,1872,65.00
90840,1909,40,1869,65.00
94343,1910,70,1840,65.00
95838,1910,29,1881,65.00
96936,1910,21,1889,65.00
97039,1910,25,1885,65.00
97468,1910,23,1887,65.00
98953,1911,41,1870,65.00
99097,1911,55,1856,65.00
99402,1911,28,1883,65.00
101312,1911,30,1881,65.00
101550,1911,46,1865,65.00
102945,1911,71,1840,65.00
103132,1912,44,1868,65.00
103337,1912,55,1857,65.00
103451,1912,41,1871,65.00
105002,1912,42,1870,65.00
105450,1912,30,1882,65.00
105875,1912,20,1892,65.00
106979,1912,38,1874,65.00
108085,1913,26,1887,65.00
108817,1913,28,1885,65.00
109134,1913,36,1877,65.00
109573,1913,44,1869,65.00
110267,1913,25,1888,65.00
111139,1913,59,1854,65.00
111686,1913,46,1867,65.00
111909,1913,31,1882,65.00
114613,1914,27,1887,65.00
116277,1914,38,1876,65.00
117104,1915,57,1858,65.00
117278,1915,33,1882,65.00
118086,1915,26,1889,65.00
118152,1915,32,1883,65.00
119069,1915,19,1896,65.00
119252,1915,26,1889,65.00
119347,1915,35,1880,65.00
119668,1916,22,1894,65.00
121476,1916,51,1865,65.00
121596,1917,42,1875,65.00
121605,1917,42,1875,65.00
122011,1917,35,1882,65.00
122444,1917,28,1889,65.00
123769,1918,26,1892,65.00
124042,1918,66,1852,65.00
124498,1919,22,1897,65.00
124745,1919,31,1888,65.00
124749,1919,52,1867,65.00
124781,1919,39,1880,65.00
125275,1919,33,1886,65.00
126407,1920,38,1882,65.00
126562,1920,64,1856,65.00
126569,1920,64,1856,65.00
127208,1921,32,1889,65.00
128276,1921,34,1887,65.00
128475,1921,23,1898,65.00
129155,1922,35,1887,65.00
129169,1922,34,1888,65.00
129934,1922,25,1897,65.00
130354,1922,34,1888,65.00
130370,1922,30,1892,65.00
132281,1923,27,1896,65.00
132649,1924,22,1902,65.00
132796,1924,26,1898,65.00
133033,1924,32,1892,65.00
133303,1924,39,1885,65.00
133700,1924,40,1884,65.00
135444,1925,38,1887,65.00
135746,1925,18,1907,65.00
12988,1890,20,1870,65.25
15691,1890,52,1838,65.25
18612,1891,62,1829,65.25
21504,1892,50,1842,65.25
22297,1892,64,1828,65.25
26959,1893,29,1864,65.25
31622,1895,44,1851,65.25
33805,1895,65,1830 ,65.25
54115,1901,34,1867,65.25
54620,1901,29,1872,65.25
54805,1901,61,1840,65.25
55323,1901,21,1880,65.25
75256,1906,29,1877,65.25
82770,1908,46,1862,65.25
88824,1909,26,1883,65.25
98470,1911,40,1871,65.25
112702,1914,26,1888,65.25
113810,1914,24,1890,65.25
117574,1915,41,1874,65.25
122600,1917,21,1896,65.25
125512,1920,47,1873,65.25
128226,1921,24,1897,65.25
171,1881,31,1850,65.50
363,1881,37,1844,65.50
504,1881,27,1854,65.50
1419,1881,34,1847,65.50
1544,1881,32,1849,65.50
2730,1881,38,1843,65.50
3060,1881,41,1840,65.50
3200,1881,27,1854,65.50
6904,1882,52,1830,65.50
8190,1882,47,1835,65.50
8829,1889,51,1838,65.50
11697,1889,54,1835,65.50
12006,1889,41,1848,65.50
12925,1890,72,1818,65.50
14034,1890,44,1846,65.50
14266,1890,41,1849,65.50
14823,1890,31,1859,65.50
15422,1890,31,1859,65.50
16489,1890,32,1858,65.50
16831,1891,48,1843,65.50
19117,1891,29,1862,65.50
25791,1893,59,1834,65.50
31375,1895,51,1844,65.50
31596,1895,48,1847,65.50
33631,1895,39,1856,65.50
33830,1895,37,1858,65.50
42501,1898,31,1867,65.50
45884,1898,62,1836,65.50
49962,1899,53,1846,65.50
50311,1900,62,1838,65.50
52071,1900,26,1874,65.50
53417,1900,48,1852,65.50
53472,1901,31,1870,65.50
57455,1902,62,1840,65.50
58714,1902,21,1881,65.50
59643,1902,22,1880,65.50
60420,1902,25,1877,65.50
65268,1904,47,1857,65.50
65435,1904,35,1869,65.50
66420,1904,22,1882,65.50
67432,1904,26,1878,65.50
68052,1904,20,1884,65.50
69014,1905,37,1868,65.50
71682,1905,47,1858,65.50
72065,1905,33,1872,65.50
72824,1905,26,1879,65.50
74418,1906,34,1872,65.50
75599,1906,42,1864,65.50
76080,1906,68,1838,65.50
79023,1907,29,1878,65.50
80998,1907,42,1865,65.50
81569,1907,41,1866,65.50
81658,1907,40,1867,65.50
83208,1908,39,1869,65.50
86272,1908,35,1873,65.50
87555,1909,31,1878,65.50
90630,1909,49,1860,65.50
91940,1909,52,1857,65.50
96641,1910,24,1886,65.50
97085,1910,42,1868,65.50
99719,1911,36,1875,65.50
107666,1912,43,1869,65.50
114820,1914,39,1875,65.50
115886,1914,46,1868,65.50
121479,1916,43,1873,65.50
121616,1916,37,1879,65.50
122120,1917,41,1876,65.50
125050,1919,26,1893,65.50
125125,1919,33,1886,65.50
125178,1919,26,1893,65.50
125334,1919,27,1892,65.50
125967,1920,45,1875,65.50
126034,1920,26,1894,65.50
128144,1921,41,1880,65.50
130260,1922,24,1898,65.50
130364,1922,38,1884,65.50
133974,1924,24,1900,65.50
134056,1924,38,1886,65.50
13897,1890,24,1866,65.75
39261,1897,34,1863,65.75
46888,1899,37,1862,65.75
53240,1900,60,1840,65.75
55322,1901,28,1873,65.75
62368,1903,34,1869,65.75
79413,1907,24,1883,65.75
81593,1907,23,1884,65.75
81695,1907,50,1857,65.75
84533,1908,35,1873,65.75
84966,1908,34,1874,65.75
91924,1909,26,1883,65.75
94224,1910,26,1884,65.75
98250,1911,55,1856,65.75
122483,1917,21,1896,65.75
123678,1918,27,1891,65.75
125930,1920,26,1894,65.75
314,1881,50,1831,66.00
943,1881,40,1841,66.00
1162,1881,21,1860,66.00
1655,1881,19,1862,66.00
2189,1881,24,1857,66.00
2525,1881,44,1837,66.00
2969,1881,34,1847,66.00
6054,1882,37,1845,66.00
6306,1882,21,1861,66.00
6772,1882,22,1860,66.00
6958,1882,27,1855 ,66.00
7258,1882,33,1849,66.00
7355,1882,38,1844,66.00
8492,1882,31,1851,66.00
9015,1889,38,1851,66.00
9382,1889,47,1842,66.00
9928,1889,26,1863,66.00
10723,1889,61,1828,66.00
11328,1889,51,1838,66.00
11716,1889,18,1871,66.00
13800,1890,31,1859,66.00
15353,1890,25,1865,66.00
15430,1890,51,1839,66.00
19316,1891,41,1850,66.00
20933,1892,33,1859,66.00
21683,1892,30,1862,66.00
22368,1892,23,1869,66.00
24013,1893,19,1874,66.00
24176,1893,36,1857,66.00
24183,1893,37,1856,66.00
24239,1893,20,1873,66.00
24627,1893,34,1859,66.00
26191,1893,39,1854,66.00
27990,1894,54,1840,66.00
31920,1895,29,1866,66.00
33675,1895,32,1863,66.00
36180,1896,20,1876,66.00
36463,1896,26,1870,66.00
36464,1896,38,1858,66.00
40263,1897,18,1879,66.00
41124,1897,30,1867,66.00
42387,1898,25,1873,66.00
44323,1898,42,1856,66.00
46951,1899,27,1872,66.00
49960,1899,25,1874,66.00
55160,1901,30,1871,66.00
56797,1901,32,1869,66.00
58830,1902,39,1863,66.00
59424,1902,32,1870,66.00
59992,1902,26,1876,66.00
60223,1902,26,1876,66.00
62847,1903,20,1883,66.00
74133,1906,37,1869,66.00
74314,1906,26,1880,66.00
74681,1906,50,1856,66.00
76553,1906,44,1862,66.00
77498,1907,38,1869,66.00
80123,1907,30,1877,66.00
81822,1907,51,1856,66.00
82729,1908,34,1874,66.00
83072,1908,53,1855,66.00
83337,1908,32,1876,66.00
84812,1908,51,1857,66.00
85084,1908,29,1879,66.00
91792,1909,30,1879,66.00
97342,1910,34,1876,66.00
98150,1911,27,1884,66.00
103665,1912,44,1868,66.00
104225,1912,28,1884,66.00
105876,1912,40,1872,66.00
106967,1912,29,1883,66.00
108956,1913,31,1882,66.00
109264,1913,43,1870,66.00
110963,1913,23,1890,66.00
111723,1913,30,1883,66.00
112365,1913,33,1880,66.00
116189,1914,49,1865,66.00
116652,1915,60,1855,66.00
118185,1915,32,1883,66.00
119253,1915,23,1892,66.00
119418,1915,50,1865,66.00
120802,1916,27,1889,66.00
121817,1917,23,1894,66.00
122253,1917,26,1891,66.00
123224,1917,51,1866,66.00
124266,1918,38,1880,66.00
125328,1919,36,1883,66.00
125571,1920,25,1895,66.00
126744,1920,42,1878,66.00
127881,1921,45,1876,66.00
129248,1922,26,1896,66.00
132672,1924,34,1890,66.00
132878,1924,48,1876,66.00
134138,1924,37,1887,66.00
134808,1925,51,1874,66.00
368,1881,37,1844,66.25
22382,1892,38,1854,66.25
122663,1917,33,1884,66.25
3642,1881,27,1854,66.50
6894,1882,33,1849,66.50
8668,1889,35,1854,66.50
9383,1889,41,1848,66.50
18778,1891,44,1847 ,66.50
24205,1893,32,1861,66.50
25471,1896,35,1861,66.50
27964,1894,21,1873,66.50
30608,1894,55,1839,66.50
31871,1895,34,1861,66.50
33885,1895,26,1869,66.50
47749,1899,34,1865,66.50
58165,1902,33,1869,66.50
64667,1904,30,1874,66.50
70962,1905,35,1870,66.50
72224,1905,35,1870,66.50
84418,1908,42,1866,66.50
87181,1909,31,1878,66.50
98091,1911,33,1878,66.50
102692,1911,35,1876,66.50
106394,1912,43,1869,66.50
107112,1912,50,1862,66.50
107524,1912,24,1888,66.50
109732,1913,23,1890,66.50
112002,1913,24,1889,66.50
113212,1914,37,1877,66.50
117817,1915,24,1891,66.50
118036,1915,37,1878,66.50
122582,1917,23,1894,66.50
124325,1918,55,1863,66.50
135583,1925,32,1893,66.50
2818,1881,19,1862,66.75
32900,1895,46,1849,66.75
44418,1898,24,1874,66.75
92215,1909,29,1880,66.75
100073,1911,31,1880,66.75
108888,1913,33,1880,66.75
116126,1914,34,1880,66.75
122832,1917,42,1875,66.75
124445,1919,41,1878,66.75
127918,1921,53,1868,66.75
132674,1924,53,1871,66.75
543,1881,32,1849,67.00
2248,1881,22,1859,67.00
3771,1881,29,1852,67.00
5322,1882,35,1847,67.00
5838,1882,25,1857,67.00
12393,1889,40,1849,67.00
18958,1891,30,1861 ,67.00
19562,1892,31,1861,67.00
27943,1894,29,1865,67.00
31279,1895,33,1862 ,67.00
31324,1895,24,1871,67.00
34323,1895,22,1873,67.00
53979,1901,41,1860,67.00
55846,1901,26,1875,67.00
62457,1903,44,1859,67.00
63413,1903,25,1878,67.00
65102,1904,23,1881,67.00
73061,1906,20,1886,67.00
78363,1907,41,1866,67.00
78686,1907,37,1870,67.00
81823,1907,23,1884,67.00
81970,1907,26,1881,67.00
84665,1908,38,1870,67.00
87982,1909,39,1870,67.00
93113,1910,43,1867,67.00
94382,1910,22,1888,67.00
95222,1910,31,1879,67.00
107555,1912,48,1864,67.00
113990,1914,31,1883,67.00
115181,1914,49,1865,67.00
116369,1914,23,1891,67.00
117460,1915,52,1863,67.00
124950,1919,48,1871,67.00
125676,1920,21,1899,67.00
127167,1921,45,1876,67.00
127818,1921,58,1863,67.00
128131,1921,24,1897,67.00
128739,1921,32,1889,67.00
132407,1923,36,1887,67.00
135414,1925,23,1902,67.00
1899,1881,32,1849,67.25
3539,1881,29,1852,67.25
8208,1882,30,1852,67.25
69773,1905,19,1886,67.25
112119,1913,57,1856,67.25
1812,1881,22,1859,67.50
5606,1882,25,1857,67.50
6887,1882,20,1862,67.50
10913,1889,25,1864,67.50
22952,1892,39,1853,67.50
39476,1897,25,1872,67.50
42825,1898,18,1880,67.50
71585,1905,32,1873,67.50
79761,1907,29,1878,67.50
82491,1908,19,1889,67.50
97424,1910,20,1890,67.50
99833,1911,36,1875,67.50
100827,1911,38,1873,67.50
101424,1911,29,1882,67.50
107002,1912,44,1868,67.50
110934,1913,25,1888,67.50
112818,1914,24,1890,67.50
121325,1916,26,1890,67.50
122963,1917,31,1886,67.50
123879,1918,24,1894,67.50
123925,1918,69,1849,67.50
131387,1923,41,1882,67.50
599,1881,49,1832,68.00
5125,1882,44,1838,68.00
7427,1882,34,1848,68.00
7840,1882,38,1844,68.00
15392,1890,31,1859,68.00
36906,1896,29,1867,68.00
37173,1896,51,1845,68.00
42854,1898,36,1862,68.00
43209,1898,42,1856,68.00
43812,1898,43,1855,68.00
43883,1898,56,1842,68.00
49399,1899,37,1862,68.00
62771,1903,45,1858,68.00
86906,1908,21,1887,68.00
100315,1911,28,1883,68.00
106195,1912,50,1862,68.00
109037,1913,37,1876,68.00
120078,1916,50,1866,68.00
122820,1917,36,1881,68.00
126440,1920,24,1896,68.00
127293,1921,36,1885,68.00
133411,1924,36,1888,68.00
133973,1924,36,1888,68.00
75539,1906,18,1888,68.25
127598,1921,24,1897,68.25
3109,1881,38,1843,68.50
9777,1889,26,1863,68.50
10392,1889,30,1859,68.50
16994,1891,45,1846,68.50
34678,1895,46,1849,68.50
34913,1896,38,1858,68.50
41758,1897,57,1840,68.50
59936,1902,50,1852,68.50
72932,1905,62,1843,68.50
99748,1911,26,1885,68.50
114846,1914,47,1867,68.50
126670,1920,40,1880,68.50
134143,1924,40,1884,68.50
43385,1898,35,1863,68.75
89109,1909,24,1885,68.75
110609,1913,27,1886,68.75
22674,1892,37,1855,69.00
49129,1899,27,1872,69.00
125675,1920,55,1865,69.00
25804,1893,52,1841,69.25
112732,1914,53,1861,69.25
10225,1889,31,1858 ,69.50
62547,1903,28,1875,69.50
124414,1919,52,1867,69.50
124869,1919,30,1889,69.50
23840,1893,31,1862,69.75
32604,1893,39,1854,70.00
38411,1896,30,1866,70.00
132570,1924,26,1898,70.00
25329,1893,32,1861,70.50
33794,1895,29,1866,70.50
103514,1912,64,1848,71.00
74599,1906,30,1876,71.25
13192,1890,42,1848,71.50
39590,1897,44,1853,71.75
3931,1881,42,1839,73.00
43790,1898,20,1878,73.50
7863,1882,33,1849,73.75
7914,1882,36,1846,74.25
4687,1882,31,1851,74.50
